91
21
50
9
74
44
114
57
45
91
21
50
9
593
12
11
492
490
327
252
246
18
38
7
10
12
9
9
9
20
8
7
7
6
7
7
8
6
7
7
8
7
7
7
7
7
7
6
7
7
7
6
8
7
8
7
7
7
24
19
223
1
1
1
34
27
18
28
12
13
6
12
18
12
31
20
1
1
1
22
15
8
5
10
5
8
54
16
15
23
23
10
8
2
0
1
102
2
2
121
113
104
3
72
16
19
16
15
41
17
22
16
79
8
34
11
15
4
29
40
32
30
34
12
12
17
19
35
28
27
75
5
5
7
5
5
5
8
4
5
5
8
4
4
5
7
8
4
70
13
4
7
24
73
49
11
55
47
34
38
89
29
23
22
29
14
17
20
5
4
4
4
120
97
34
33
49
11
23
106
110
23
65
2
3
6
4
3
3
3
3
4
43
57
36
25
33
1
120
111
10
1
120
111
10
53
99
273
337
10
117
10
125
88
6
5
8
8
12
23
200
21
40
83
11
34
209
11
9
70
15
18
77
20
22
2
0
95
6
108
4
4
4
4
4
4
12
3
5
80
5
8
7
50
29
20
53
59
11
13
17
34
15
552
11
34
18
6
516
187
215
4
2
9
21
21
13
1
17
16
41
21
13
16
49
96
100
92
13
15
15
27
36
13
32
217
8
7
5
3
5
2
3
3
4
3
3
4
3
2
3
4
3
3
4
3
7
3
24
15
13
12
6
14
11
13
12
7
7
8
11
12
8
14
114
123
3
8
5
85
25
47
43
34
20
10
15
23
44
50
13
333
68
13
77
11
12
302
198
84
45
354
133
70
196
216
263
204
121
190
157
314
134
203
396
70
159
11
113
60
23
59
240
73
172
70
45
272
141
83
150
76
55
191
189
81
88
65
5
62
137
4
16
27
25
17
19
18
10
15
18
8
3
4
0
1
88
60
306
308
721
44
36
38
949
218
8
8
8
684
276
249
54
313
258
213
239
61
33
26
21
84
92
72
21
3
15
2
6
7
23
428
13
10
9
61
47
1
3
0
0
127
3
107
10
208
22
7
24
22
25
8
23
350
6
0
0
3
12
2
12
13
71
13
24
16
11
27
14
5
2
1
1
14
8
8
12
35
43
7
36
0
24
3
0
4
5
3
12
12
12
12
12
10
11
8
13
10
12
10
9
12
21
12
12
11
12
11
11
12
13
9
7
73
56
145
80
36
9
60
55
22
11
18
16
30
30
0
115
184
95
92
95
123
98
109
1
0
0
0
109
11
67
65
0
27
38
358
235
45
154
15
18
5
5
3
7
34
33
36
25
39
29
25
26
31
43
62
26
22
25
28
36
14
12
12
11
10
33
0
1
3
2
2
1
37
34
31
32
40
224
209
34
2
67
99
15
51
32
17
43
6
273
3
4
60
15
17
5
364
8
10
3
0
0
0
17
11
10
8
10
9
7
7
1
0
0
0
0
1
0
0
3
39
38
58
69
38
66
42
38
57
28
499
5
7
5
4
4
3
5
3
11
4
4
85
354
0
0
0
0
0
0
0
0
24
184
188
14
28
13
13
26
35
22
28
28
37
276
637
1
3
9
3
3
95
90
368
47
325
49
15
10
144
12
36
25
38
49
3
50
12
9
11
0
0
0
0
0
0
0
0
0
0
0
24
10
9
3
4
3
5
4
3
5
4
3
4
6
7
9
5
3
6
9
5
3
5
4
4
4
8
6
4
6
27
4
4
4
4
6
6
7
6
6
6
6
6
6
20
24
7
102
4
6
7
6
222
102
74
89
4
1
27
5
12
48
5
10
4
3
4
6
41
12
6
10
7
172
233
281
262
20
23
56
53
202
4
1
0
0
250
2
3
9
4
7
6
8
6
8
10
8
8
8
6
11
9
6
9
10
9
7
8
5
8
9
8
8
10
9
11
8
393
297
26
165
45
49
89
54
42
52
52
35
34
93
19
69
56
21
27
11
10
1
1
451
365
5
2
6
155
23
4
11
16
204
169
2
33
9
9
5
121
26
103
29
106
31
108
128
32
22
5
14
16
75
59
61
71
63
56
13
14
12
51
13
10
9
11
53
17
22
15
16
14
19
23
16
19
15
15
23
17
35
36
18
29
30
11
13
19
12
12
14
15
13
16
20
17
15
15
16
11
10
13
10
16
26
6
70
86
50
84
72
101
73
64
100
25
112
8
0
0
0
0
3
1
2
2
2
4
2
1
2
1
4
3
5
2
2
1
2
3
2
1
3
1
30
27
7
19
50
13
895
84
265
525
17
234
8
10
6
10
10
11
10
133
75
65
3
5
300
53
205
242
184
132
2
333
17
7
37
35
111
38
13
13
12
12
30
1
0
0
11
3
6
3
3
4
9
3
5
7
17
7
4
9
5
82
39
99
32
5
11
23
6
6
20
12
4
17
4
20
5
4
6
14
1
18
2
18
72
23
80
11
16
19
55
105
100
99
74
112
123
45
16
22
474
354
33
146
16
46
36
32
16
14
13
12
14
16
17
30
20
12
14
13
11
11
16
10
14
15
15
15
11
14
15
1
1
1
1
1
1
1
2
1
0
1
1
53
7
34
103
7
11
7
7
80
102
150
98
142
72
68
73
11
16
12
13
11
13
26
25
13
164
439
17
134
72
15
12
29
9
6
8
24
6
1
6
3
1
1
1
2
193
136
144
100
70
15
13
14
12
13
12
13
14
14
17
218
114
18
18
17
13
11
13
151
41
47
48
29
28
22
42
214
24
0
3
1
1
926
3
2
6
8
55
85
48
43
39
46
77
50
33
93
72
20
1125
210
258
51
59
56
7
6
6
7
6
4
5
22
5
1
0
9
1
30
37
31
30
22
25
37
21
23
30
20
25
31
23
29
27
28
19
17
43
28
72
3
19
20
22
43
46
32
20
25
22
18
2
507
104
42
293
802
0
3
3
2
5
49
48
51
43
45
47
49
23
125
133
85
77
84
94
34
45
69
27
81
325
9
8
15
16
4
3
5
4
5
48
70
99
1
1
1
1
1
50
195
49
80
71
0
1
1
0
16
4
0
0
18
24
17
11
20
14
47
17
56
84
5
4
6
7
310
38
26
129
15
15
15
19
15
16
20
18
20
17
17
9
9
13
11
12
27
13
16
17
11
37
7
310
38
26
129
15
15
15
19
15
16
20
18
20
17
17
9
9
13
11
12
27
13
16
17
11
37
83
78
589
188
408
213
793
85
57
20
1329
71
29
50
57
88
81
46
13
20
36
36
38
11
15
35
9
8
108
64
73
37
4
5
3
3
3
50
26
470
165
90
126
8
3
3
0
0
0
0
0
0
0
0
0
0
13
5
7
326
45
6
20
17
22
25
10
7
8
42
48
127
1
2
3
6
7
7
4
14
13
6
10
42
37
45
15
14
13
499
423
117
153
76
100
85
63
104
38
59
99
100
15
7
11
61
821
750
649
46
1127
741
547
563
487
6645
654
31
38
13
31
41
11
17
7
31
29
21
45
59
45
23
598
123
187
248
13
67
102
29
33
67
1
29
132
62
41
63
890
201
1
1
1
3
149
22
20
69
130
79
64
97
93
95
100
93
91
68
26
253
66
27
21
19
28
19
33
47
49
47
18
23
27
77
21
50
76
56
22
38
136
77
39
34
35
55
28
33
28
25
25
25
30
29
27
26
36
43
33
86
4
3
3
4
5
5
26
62
49
27
16
14
32
22
74
34
36
26
30
698
20
61
9
6
10
12
6
5
26
42
30
228
36
40
55
112
44
152
6
216
741
5
2
4
2
3
4
10
8
0
0
0
0
813
80
205
26
19
19
16
21
23
13
5447
118
73
647
71
18
72
45
20
45
29
26
26
5
36
152
38
1719
79
55
46
27
3
3
7
5
3
3
3
3
3
3
116
2
3
3
3
3
4
3
12
120
108
8
5
6
11
87
592
63
822
16
161
51
11
16
