11.2333 -0.8333 5.2 6.2 0 0 0 0 5 0.824 0.752 0 0.79
11.2 -0.8666 5.1667 6.2 0 0 0 0 5 0.824 0.752 0 0.79
13.0167 0.9 6.9667 6.2 0 0 0 0 3 0.824 0.734 0 0.74
8.95003 -3.15 2.9 6.2 0 0 0 0 3 0.824 0.77 0 0.84
12.8666 0.6666 6.7666 9 0 1 0 0 0 0.83 0.77 0 0.77
4.38333 -7.6833 -1.65 6.2 0 0 0 0 5 0.878 0.77 0 0.7
4.40003 -7.6666 -1.6333 6.2 0 0 0 0 5 0.878 0.77 0 0.7
11.2333 -0.8333 5.2 6.2 0 0 0 0 5 0.824 0.752 0 0.79
11.2 -0.8666 5.1667 6.2 0 0 0 0 5 0.824 0.752 0 0.79
13.0167 0.9 6.9667 6.2 0 0 0 0 3 0.824 0.734 0 0.74
8.95003 -3.15 2.9 6.2 0 0 0 0 3 0.824 0.77 0 0.84
15.3833 3.3333 9.3667 6.2 0 0 0 0 5 0.806 0.77 0 0.89
15.3666 3.3166 9.35 6.2 0 0 0 0 5 0.806 0.77 0 0.89
4.50003 -7.6333 -1.5666 5.6 0 0 1 0 2 0.77 0.752 0 0.94
13.5 1.3333 7.4167 6.2 0 0 0 0 1 0.77 0.734 0 0.89
5.76663 -6.4334 -0.3334 3.1 0 1 0 0 0 0.914 0.77 0 0.63
12.5 0.3166 6.4 9 0 1 0 0 1 0.83 0.77 0 0.76
4.9167 -7.1666 -1.1166 6.2 0 0 0 0 4 0.86 0.77 0 0.74
4.95 -7.1333 -1.0833 6.2 0 0 0 0 4 0.86 0.77 0 0.74
5.3667 -6.7166 -0.6666 6.2 0 0 0 0 4 0.878 0.752 0 0.66
9.79997 -2.3834 3.7166 5.0 0 0 0 0 1 0.842 0.752 0 0.74
13.55 1.3666 7.45 6.2 1 0 0 0 0 0.86 0.734 0 0.66
9.88333 -2.2333 3.8167 7 0 1 0 0 3 0.83 0.74 0 0.68
6.8333 -5.3667 0.7333 10 0 1 0 0 0 0.92 0.74 0 0.47
0.2 -12 -5.90003 6.2 0 0 0 0 0 0.806 0.788 0 0.94
0.26666 -11.9334 -5.83337 6.2 0 0 0 0 0 0.806 0.788 0 0.94
0.23333 -11.9667 -5.8667 6.2 0 0 0 0 0 0.806 0.788 0 0.94
16.6833 4.5 10.6 5.6 0 0 0 0 1 0.788 0.77 0 0.94
7.35003 -4.7833 1.2834 1.9 0 0 0 0 2 0.824 0.788 0 0.89
-3.36667 -15.5 -9.4333 6.2 0 0 0 0 2 0.806 0.788 0 0.94
-3.25 -15.3833 -9.31663 6.2 0 0 0 0 2 0.806 0.788 0 0.94
7.56667 -4.6 1.4833 3.1 0 0 2 1 1 0.77 0.77 0 1
7.69997 -4.4667 1.6166 3.1 0 0 2 1 1 0.77 0.77 0 1
8.76667 -3.4 2.6833 5.6 0 0 2 0 1 0.788 0.77 0 0.94
7.63337 -4.5333 1.55 3.1 0 0 2 1 1 0.77 0.77 0 1
13.7 1.6334 7.6667 6.2 0 0 0 0 5 0.806 0.752 0 0.84
-2.31667 -14.4667 -8.3833 6.2 0 0 0 0 2 0.806 0.77 0 0.89
-2.36667 -14.5167 -8.4333 6.2 0 0 0 0 2 0.806 0.77 0 0.89
-2.28334 -14.4334 -8.34997 6.2 0 0 0 0 2 0.806 0.77 0 0.89
9.43333 -2.6667 3.3833 6.2 0 0 0 0 3 0.842 0.77 0 0.79
9.43333 -2.6667 3.3833 6.2 0 0 0 0 3 0.842 0.77 0 0.79
9.0833 -3.0667 3.0166 6.2 0 0 0 0 1 0.86 0.752 0 0.7
9.7833 -2.3334 3.7166 5 0 0 2 1 3 0.84 0.76 0 0.7
2.38333 -9.78337 -3.69997 2.8 2 0 0 0 2 0.77 0.752 0 0.94
6.65003 -5.5 0.5834 6.2 0 0 1 0 2 0.842 0.752 0 0.74
5.76663 -6.2834 -0.2667 6.2 0 0 0 0 5 0.86 0.716 0 0.62
10.4334 -1.7166 4.3667 6.2 1 0 1 0 2 0.842 0.752 0 0.74
9.91667 -2.2333 3.85 10 0 0 1 0 2 0.83 0.76 0 0.73
9.88337 -2.2666 3.8167 10 0 0 1 0 2 0.83 0.76 0 0.73
9.99997 -2.15 3.9333 10 0 0 1 0 2 0.83 0.76 0 0.73
9.96667 -2.1833 3.9 10 0 0 1 0 2 0.83 0.76 0 0.73
9.83337 -2.3166 3.7667 10 0 0 1 0 2 0.83 0.76 0 0.73
9.79997 -2.35 3.7333 10 0 0 1 0 2 0.83 0.76 0 0.73
10.05 -2.1 3.9833 6.2 0 0 0 0 2 0.842 0.752 0 0.74
13.2166 1.0833 7.15 6.2 0 0 0 0 2 0.806 0.77 0 0.89
5.7333 -6.3834 -0.3167 5.6 0 0 0 0 3 0.896 0.77 0 0.66
1.8 -10.3167 -4.24997 6.2 0 0 0 0 3 0.842 0.788 0 0.84
12.0334 -0.1 5.9667 6.2 0 0 0 0 3 0.842 0.77 0 0.79
8.54997 -3.55 2.5 6.2 0 0 1 1 3 0.824 0.77 0 0.84
9.58337 -2.5166 3.5334 10 0 0 2 1 3 0.83 0.77 0 0.79
7.16663 -4.9334 1.1166 4.3 0 0 2 0 3 0.788 0.77 0 0.94
8.91663 -3.1667 2.8833 4 0 0 0 0 4 0.83 0.75 0 0.71
15.1334 2.9667 9.05 6.2 0 0 0 0 1 0.842 0.788 0 0.84
15.5167 3.35 9.4333 6.2 0 0 0 0 1 0.842 0.788 0 0.84
13.95 1.85 7.9 6.2 0 0 0 0 3 0.806 0.77 0 0.89
7.46663 -4.6167 1.4333 6.2 0 0 1 0 4 0.824 0.752 0 0.79
13.95 1.85 7.9 6.2 0 0 0 0 3 0.806 0.77 0 0.89
7.46663 -4.6167 1.4333 6.2 0 0 1 0 4 0.824 0.752 0 0.79
5.53337 -6.5166 -0.4833 6.2 0 0 0 0 6 0.86 0.77 0 0.74
16.2834 4.2167 10.25 6.2 0 0 0 0 5 0.806 0.77 0 0.89
-6.83333 -18.9167 -12.8833 5.0 0 0 0 0 4 0.806 0.77 0 0.89
12.6666 0.5833 6.6333 6.2 0 0 0 0 4 0.806 0.752 0 0.84
12.7 0.6167 6.6667 6.2 0 0 0 0 4 0.806 0.752 0 0.84
11.85 -0.2333 5.8 6.2 0 0 0 0 4 0.824 0.752 0 0.79
3.68333 -8.4167 -2.3667 6.2 0 0 0 0 3 0.842 0.734 0 0.7
15.0167 2.95 8.9833 6.2 0 0 0 0 4 0.806 0.77 0 0.89
13.3834 1.3167 7.35 6.2 0 0 0 0 5 0.824 0.77 0 0.84
7.9167 -4.15 1.8834 6.2 0 0 0 0 5 0.86 0.734 0 0.66
8.2167 -3.85 2.1834 6.2 0 0 0 0 5 0.878 0.734 0 0.62
2.16666 -9.89997 -3.86667 6.2 0 0 0 0 5 0.806 0.752 0 0.84
2.08333 -9.9833 -3.95 6.2 0 0 0 0 5 0.806 0.752 0 0.84
2.13333 -9.9333 -3.9 6.2 0 0 0 0 5 0.806 0.752 0 0.84
2.03333 -10.0333 -4 6.2 0 0 0 0 5 0.806 0.752 0 0.84
2.11666 -9.94997 -3.91667 6.2 0 0 0 0 5 0.806 0.752 0 0.84
2 -10.0666 -4.03333 6.2 0 0 0 0 5 0.788 0.752 0 0.89
14.0333 1.9667 8 6.2 1 0 0 0 5 0.806 0.752 0 0.84
11.6 -0.45 5.5833 5.0 0 0 0 0 5 0.752 0.752 0 1
5.83333 -6.2167 -0.1833 6.2 1 0 0 0 5 0.842 0.734 0 0.7
14.8 2.7 8.75 5.0 0 0 0 0 4 0.824 0.752 0 0.79
13.9166 1.8166 7.8666 4.3 1 0 0 0 4 0.842 0.752 0 0.74
2.8333 -9.2167 -3.2 6.2 0 0 0 0 5 0.824 0.77 0 0.84
7.81663 -4.25 1.7833 6.2 0 0 1 0 5 0.86 0.77 0 0.74
5.73337 -6.3833 -0.3333 6.2 0 0 0 0 3 0.878 0.752 0 0.66
5.49997 -6.55 -0.5167 6.2 0 0 0 0 6 0.86 0.77 0 0.74
5.51667 -6.5333 -0.5 6.2 0 0 0 0 6 0.86 0.77 0 0.74
6.33337 -5.7333 0.3 6.2 0 0 3 0 5 0.806 0.788 0 0.94
6.31667 -5.75 0.2833 6.2 0 0 3 0 5 0.806 0.788 0 0.94
-5.88334 -17.9334 -11.9 6.2 0 0 0 0 6 0.77 0.752 0 0.94
15.9333 3.8833 9.9 6 0 0 1 0 6 0.77 0.76 0 0.95
-5.88334 -17.9334 -11.9 6.2 0 0 0 0 6 0.77 0.752 0 0.94
-5.88334 -17.9334 -11.9 6.2 0 0 0 0 6 0.77 0.752 0 0.94
4.90003 -7.2333 -1.1666 6.2 0 0 0 0 2 0.842 0.77 0 0.79
13.85 1.7833 7.8166 6.2 0 0 0 0 5 0.824 0.77 0 0.84
-2.21666 -14.2833 -8.25003 5.6 0 0 1 0 5 0.788 0.77 0 0.94
-1.5 -13.5667 -7.53337 5.0 0 0 1 0 5 0.788 0.788 0 1
-2.21666 -14.2833 -8.25003 5.6 0 0 1 0 5 0.788 0.77 0 0.94
-2.25 -14.3167 -8.28337 5.6 0 0 1 0 5 0.788 0.77 0 0.94
-1.5 -13.5667 -7.53337 5.0 0 0 1 0 5 0.788 0.788 0 1
-2.3 -14.3667 -8.33337 5.6 0 0 1 0 5 0.788 0.77 0 0.94
-2.2 -14.2667 -8.23337 5.6 0 0 1 0 5 0.788 0.77 0 0.94
-1.5 -13.5667 -7.53337 5.0 0 0 1 0 5 0.788 0.788 0 1
-2.16666 -14.2333 -8.20003 5.6 0 0 1 0 5 0.788 0.77 0 0.94
-2.3 -14.3667 -8.33337 5.6 0 0 1 0 5 0.788 0.77 0 0.94
16.7 4.65 10.6833 5.0 0 0 1 0 6 0.752 0.752 0 1
9.7833 -2.2667 3.7666 6.2 0 0 0 0 5 0.878 0.77 0 0.7
8.84997 -3.2334 2.8 4.3 0 0 3 0 4 0.824 0.734 0 0.74
9.16667 -2.9167 3.1167 3.7 0 0 2 0 4 0.788 0.752 0 0.89
9.19997 -2.8834 3.15 3.7 0 0 2 0 4 0.788 0.752 0 0.89
8.89997 -3.1834 2.85 4.3 0 0 3 0 4 0.824 0.734 0 0.74
8.91667 -3.1667 2.8667 3.7 0 0 2 0 4 0.788 0.752 0 0.89
-1.41667 -13.4833 -7.45 5.6 0 0 0 0 5 0.77 0.77 0 1
9.53333 -2.5333 3.5 10 0 1 0 0 4 0.88 0.77 0 0.62
9.89997 -2.1834 3.8666 6.2 0 0 0 0 4 0.842 0.752 0 0.74
2.33334 -9.73333 -3.70003 6.2 0 0 0 0 4 0.824 0.752 0 0.79
2.38334 -9.68333 -3.65003 6.2 0 0 0 0 4 0.824 0.752 0 0.79
-6.83333 -18.9167 -12.8833 5.0 0 0 0 0 4 0.806 0.77 0 0.89
-6.83333 -18.9167 -12.8833 5.0 0 0 0 0 4 0.806 0.77 0 0.89
-6.83333 -18.9167 -12.8833 5.0 0 0 0 0 4 0.806 0.77 0 0.89
-6.83333 -18.9167 -12.8833 5.0 0 0 0 0 4 0.806 0.77 0 0.89
-6.83333 -18.9167 -12.8833 5.0 0 0 0 0 4 0.806 0.77 0 0.89
-6.83333 -18.9167 -12.8833 5.0 0 0 0 0 4 0.806 0.77 0 0.89
-6.83333 -18.9167 -12.8833 5.0 0 0 0 0 4 0.806 0.77 0 0.89
-6.83333 -18.9167 -12.8833 5.0 0 0 0 0 4 0.806 0.77 0 0.89
-6.83333 -18.9167 -12.8833 5.0 0 0 0 0 4 0.806 0.77 0 0.89
-6.83333 -18.9167 -12.8833 5.0 0 0 0 0 4 0.806 0.77 0 0.89
-6.83333 -18.9167 -12.8833 5.0 0 0 0 0 4 0.806 0.77 0 0.89
-6.83333 -18.9167 -12.8833 5.0 0 0 0 0 4 0.806 0.77 0 0.89
-6.83333 -18.9167 -12.8833 5.0 0 0 0 0 4 0.806 0.77 0 0.89
-6.83333 -18.9167 -12.8833 5.0 0 0 0 0 4 0.806 0.77 0 0.89
-6.83333 -18.9167 -12.8833 5.0 0 0 0 0 4 0.806 0.77 0 0.89
-6.83333 -18.9167 -12.8833 5.0 0 0 0 0 4 0.806 0.77 0 0.89
-6.83333 -18.9167 -12.8833 5.0 0 0 0 0 4 0.806 0.77 0 0.89
-6.83333 -18.9167 -12.8833 5.0 0 0 0 0 4 0.806 0.77 0 0.89
-6.83333 -18.9167 -12.8833 5.0 0 0 0 0 4 0.806 0.77 0 0.89
-6.83333 -18.9167 -12.8833 5.0 0 0 0 0 4 0.806 0.77 0 0.89
-6.83333 -18.9167 -12.8833 5.0 0 0 0 0 4 0.806 0.77 0 0.89
-5.55 -17.7334 -11.65 6.2 0 0 1 0 1 0.752 0.734 0 0.94
-6.83333 -18.9333 -12.8833 6.2 0 0 0 0 4 0.824 0.77 0 0.84
-6.83333 -18.9333 -12.8833 6.2 0 0 0 0 4 0.824 0.77 0 0.84
-6.83333 -18.9333 -12.8833 6.2 0 0 0 0 4 0.824 0.77 0 0.84
-6.83333 -18.9333 -12.8833 6.2 0 0 0 0 4 0.824 0.77 0 0.84
-6.83333 -18.9333 -12.8833 6.2 0 0 0 0 4 0.824 0.77 0 0.84
-6.83333 -18.9333 -12.8833 6.2 0 0 0 0 4 0.824 0.77 0 0.84
-6.83333 -18.9333 -12.8833 6.2 0 0 0 0 4 0.824 0.77 0 0.84
-6.83333 -18.9333 -12.8833 6.2 0 0 0 0 4 0.824 0.77 0 0.84
-6.83333 -18.9333 -12.8833 6.2 0 0 0 0 4 0.824 0.77 0 0.84
-6.83333 -18.9333 -12.8833 6.2 0 0 0 0 4 0.824 0.77 0 0.84
-6.83333 -18.9333 -12.8833 6.2 0 0 0 0 4 0.824 0.77 0 0.84
-6.83333 -18.9333 -12.8833 6.2 0 0 0 0 4 0.824 0.77 0 0.84
-6.83333 -18.9333 -12.8833 6.2 0 0 0 0 4 0.824 0.77 0 0.84
-6.83333 -18.9333 -12.8833 6.2 0 0 0 0 4 0.824 0.77 0 0.84
-6.83333 -18.9333 -12.8833 6.2 0 0 0 0 4 0.824 0.77 0 0.84
7.93337 -4.15 1.8834 3.1 0 0 0 1 4 0.806 0.752 0 0.84
6.13337 -5.95 0.0834 6.2 0 0 0 0 4 0.878 0.734 0 0.62
5.93337 -6.15 -0.1166 6.2 0 0 0 0 4 0.878 0.734 0 0.62
6.11667 -5.9667 0.0667 6.2 0 0 0 0 4 0.878 0.734 0 0.62
5.96667 -6.1167 -0.0833 6.2 0 0 0 0 4 0.878 0.734 0 0.62
5.98337 -6.1 -0.0666 6.2 0 0 0 0 4 0.878 0.734 0 0.62
5.86667 -6.2167 -0.1833 6.2 0 0 0 0 4 0.878 0.734 0 0.62
12.15 0.05 6.1 4.3 0 0 0 0 4 0.842 0.752 0 0.74
5.48337 -6.6166 -0.5666 6.2 0 0 0 0 3 0.896 0.752 0 0.62
15.1833 2.9833 9.0833 6.2 0 0 0 0 0 0.842 0.77 0 0.79
6.41667 -5.7833 0.3167 6.2 0 0 0 0 0 0.842 0.77 0 0.79
6.41667 -5.7833 0.3167 6.2 0 0 0 0 0 0.842 0.77 0 0.79
7.93337 -4.2 1.8667 6.2 1 0 0 0 2 0.86 0.77 0 0.74
7.93337 -4.2 1.8667 6.2 1 0 0 0 2 0.86 0.77 0 0.74
7.91667 -4.2167 1.85 6.2 1 0 0 0 2 0.86 0.77 0 0.74
11.3 -0.8334 5.2333 5.0 0 0 0 0 3 0.806 0.734 0 0.79
11.5167 -0.6167 5.45 5.0 0 0 0 0 3 0.806 0.734 0 0.79
6.96663 -5.1834 0.8833 6.2 0 0 1 0 2 0.806 0.77 0 0.89
7.86667 -4.3 1.7833 6.2 0 0 0 0 2 0.896 0.734 0 0.59
15.65 3.4833 9.5667 9 0 1 0 0 2 0.81 0.76 0 0.82
15.7333 3.5666 9.65 9 0 1 0 0 2 0.81 0.76 0 0.82
15.75 3.5833 9.6667 9 0 1 0 0 2 0.81 0.76 0 0.82
2.76667 -9.4167 -3.3167 6.2 0 0 0 0 1 0.86 0.788 0 0.79
2.73334 -9.45003 -3.35003 6.2 0 0 0 0 1 0.86 0.788 0 0.79
4.06667 -8.05 -2 6.2 0 0 0 0 2 0.86 0.788 0 0.79
2.81667 -9.3667 -3.2667 6.2 0 0 0 0 1 0.86 0.788 0 0.79
5.8 -6.4 -0.3 6.2 0 0 0 0 1 0.824 0.77 0 0.84
6.39997 -5.8 0.3 6.2 0 0 0 0 0 0.842 0.77 0 0.79
10.2667 -1.9 4.1833 6.2 0 0 0 0 1 0.86 0.77 0 0.74
10.3666 -1.8167 4.2833 6.2 1 0 0 0 0 0.878 0.752 0 0.66
0.85 -11.3334 -5.24997 9 0 1 0 0 1 0.84 0.78 0 0.79
4.74997 -7.3 -1.2667 6.2 0 0 0 0 6 0.842 0.734 0 0.7
2.26667 -9.9167 -3.8167 6.2 0 0 0 0 1 0.842 0.788 0 0.84
15.0834 2.9167 9 6.2 0 0 0 0 1 0.824 0.77 0 0.84
15.1 2.9333 9.0166 6.2 0 0 0 0 1 0.824 0.77 0 0.84
15.1334 2.9667 9.05 6.2 0 0 0 0 1 0.824 0.77 0 0.84
15.0667 2.9 8.9833 6.2 0 0 0 0 1 0.824 0.77 0 0.84
14.95 2.7833 8.8666 6.2 0 0 0 0 1 0.824 0.77 0 0.84
13.4 1.2333 7.3166 6.2 0 0 0 0 1 0.824 0.77 0 0.84
13.4167 1.25 7.3333 6.2 0 0 0 0 1 0.824 0.77 0 0.84
13.4334 1.2667 7.35 6.2 0 0 0 0 1 0.824 0.77 0 0.84
13.7 1.5666 7.6333 6.2 1 0 0 0 2 0.788 0.77 0 0.94
13.4667 1.3333 7.4 6.2 1 0 0 0 2 0.788 0.77 0 0.94
13.4667 1.3333 7.4 6.2 1 0 0 0 2 0.788 0.77 0 0.94
13.4167 1.2833 7.35 6.2 1 0 0 0 2 0.788 0.77 0 0.94
13.3334 1.2 7.2667 6.2 1 0 0 0 2 0.788 0.77 0 0.94
13.4167 1.2833 7.35 6.2 1 0 0 0 2 0.788 0.77 0 0.94
13.6834 1.55 7.6167 6.2 1 0 0 0 2 0.788 0.77 0 0.94
13.3667 1.2333 7.3 6.2 1 0 0 0 2 0.788 0.77 0 0.94
13.2667 1.1333 7.2 6.2 1 0 0 0 2 0.788 0.77 0 0.94
13.3334 1.2 7.2667 6.2 1 0 0 0 2 0.788 0.77 0 0.94
13.3834 1.25 7.3167 6.2 1 0 0 0 2 0.788 0.77 0 0.94
13.3167 1.1833 7.25 6.2 1 0 0 0 2 0.788 0.77 0 0.94
13.7 1.5666 7.6333 6.2 1 0 0 0 2 0.788 0.77 0 0.94
13.7667 1.6333 7.7 6.2 0 0 0 0 2 0.788 0.77 0 0.94
13.3 1.1666 7.2333 6.2 1 0 0 0 2 0.788 0.77 0 0.94
13.3 1.1666 7.2333 6.2 1 0 0 0 2 0.788 0.77 0 0.94
13.7667 1.6333 7.7 6.2 0 0 0 0 2 0.788 0.77 0 0.94
13.6667 1.5333 7.6 6.2 1 0 0 0 2 0.788 0.77 0 0.94
2.71666 -9.34997 -3.31667 6.2 0 0 0 0 5 0.824 0.77 0 0.84
13.8834 1.7834 7.8334 6.2 0 0 0 0 3 0.806 0.77 0 0.89
10.8834 -1.25 4.8167 6.2 1 0 0 0 3 0.788 0.77 0 0.94
13.1666 1.05 7.1166 6.2 0 0 1 0 3 0.824 0.77 0 0.84
13.1666 1.05 7.1166 6.2 0 0 1 0 3 0.824 0.77 0 0.84
13.1333 1.0333 7.0833 6.2 0 0 0 0 3 0.824 0.752 0 0.79
5.4167 -6.65 -0.6166 6.2 0 0 0 0 5 0.86 0.77 0 0.74
-0.38333 -12.4333 -6.40003 6.2 0 0 0 0 5 0.77 0.752 0 0.94
-0.41667 -12.4667 -6.43337 6.2 0 0 0 0 5 0.77 0.752 0 0.94
5.3333 -6.7334 -0.7 6.2 0 0 0 0 5 0.86 0.77 0 0.74
-0.4 -12.45 -6.4167 6.2 0 0 0 0 5 0.77 0.752 0 0.94
2.2 -9.85003 -3.81663 5.0 0 0 0 0 5 0.824 0.77 0 0.84
4.6333 -7.4334 -1.4 6.2 0 0 0 0 5 0.878 0.788 0 0.75
4.65 -7.4167 -1.3833 6.2 0 0 0 0 5 0.878 0.788 0 0.75
7.40003 -4.6833 1.3667 6.2 0 0 1 0 4 0.824 0.77 0 0.84
3.6833 -8.3834 -2.35 10 0 1 0 0 5 0.85 0.74 0 0.63
4.11663 -7.9667 -1.9167 6.2 0 0 1 0 4 0.806 0.752 0 0.84
3.60003 -8.4833 -2.4333 11 0 1 0 0 4 0.84 0.77 0 0.74
3.61663 -8.4667 -2.4167 11 0 1 0 0 4 0.84 0.77 0 0.74
12.6834 0.6334 6.65 6 0 1 0 0 5 0.8 0.76 0 0.82
2.01666 -10.05 -4.01667 5.0 0 0 0 0 4 0.806 0.752 0 0.84
2 -10.0666 -4.03333 5.0 0 0 0 0 4 0.806 0.752 0 0.84
1.98333 -10.0833 -4.05 5.0 0 0 0 0 4 0.806 0.752 0 0.84
0.63334 -11.4333 -5.40003 6 0 0 0 0 4 0.78 0.77 1 0.96
0.41667 -11.65 -5.6167 5.6 0 0 0 0 4 0.77 0.77 0 1
0.3 -11.7667 -5.73337 5.6 0 0 0 0 4 0.77 0.77 0 1
-0.01666 -12.0833 -6.05003 5.6 0 0 0 0 4 0.77 0.77 0 1
-0.23333 -12.3 -6.2667 5.6 0 0 0 0 4 0.77 0.77 0 1
-0.23333 -12.3 -6.2667 5.6 0 0 0 0 4 0.77 0.77 0 1
0 -12.0667 -6.03337 5.6 0 0 0 0 4 0.77 0.77 0 1
1.86666 -10.2167 -4.16667 6.2 0 0 0 0 4 0.824 0.788 0 0.89
1.88333 -10.2 -4.15 6.2 0 0 0 0 4 0.824 0.788 0 0.89
1.88333 -10.2 -4.15 6.2 0 0 0 0 4 0.824 0.788 0 0.89
1.98333 -10.1 -4.05 6.2 0 0 0 0 4 0.824 0.77 0 0.84
3.95003 -8.1666 -2.1 10 0 1 0 0 3 0.85 0.77 0 0.72
3.76663 -8.35 -2.2834 6.2 0 0 0 0 3 0.842 0.752 0 0.74
3.88333 -8.2333 -2.1667 10 0 1 0 0 3 0.85 0.77 0 0.72
3.86663 -8.25 -2.1834 6.2 0 0 0 0 3 0.842 0.752 0 0.74
3.70003 -8.4166 -2.35 6.2 0 0 0 0 3 0.842 0.752 0 0.74
12.7 0.6334 6.6667 9 0 1 0 0 4 0.8 0.76 0 0.86
1.5 -10.55 -4.51663 5.0 0 0 0 0 6 0.788 0.752 0 0.89
1.41666 -10.6334 -4.59997 5.0 0 0 0 0 6 0.788 0.752 0 0.89
1.41666 -10.6334 -4.59997 5.0 0 0 0 0 6 0.788 0.752 0 0.89
1.41666 -10.6334 -4.59997 5.0 0 0 0 0 6 0.788 0.752 0 0.89
1.38333 -10.6667 -4.6333 5.0 0 0 0 0 6 0.788 0.752 0 0.89
9.45003 -2.7 3.3834 6.2 0 0 0 0 2 0.86 0.752 0 0.7
10.3833 -1.6667 4.35 6.2 0 0 0 0 5 0.878 0.752 0 0.66
3.3833 -8.8167 -2.7167 6.2 1 0 0 0 1 0.86 0.788 0 0.79
7.04997 -5 1.0166 10 0 1 0 0 5 0.88 0.79 0 0.68
7.68337 -4.3666 1.65 6.2 1 0 0 0 5 0.86 0.77 0 0.74
7.83337 -4.2166 1.8 6.2 1 0 0 0 5 0.86 0.77 0 0.74
7.68337 -4.3666 1.65 6.2 1 0 0 0 5 0.86 0.77 0 0.74
7.36667 -4.6833 1.3333 6.2 1 0 0 0 5 0.878 0.788 0 0.75
1.28333 -10.7667 -4.7333 5.0 0 0 0 0 6 0.788 0.752 0 0.89
12.8833 0.8167 6.85 6.2 0 0 0 0 5 0.842 0.752 0 0.74
14.1833 2.0166 8.1 6.2 0 0 0 0 2 0.842 0.788 0 0.84
14.1167 1.95 8.0334 6.2 0 0 0 0 2 0.842 0.788 0 0.84
14.2 2.0333 8.1167 6.2 0 0 0 0 2 0.842 0.788 0 0.84
16.2166 4.0666 10.15 6.2 0 0 0 0 2 0.788 0.77 0 0.94
11 -1.05 4.9833 6.2 0 0 1 0 5 0.824 0.77 0 0.84
12.7167 0.6667 6.7 6.2 0 0 0 0 5 0.806 0.788 0 0.94
14.7333 2.6667 8.7 6.2 0 0 0 0 5 0.788 0.752 0 0.89
6.06667 -6 0.0333 6.2 0 0 0 0 5 0.86 0.77 0 0.74
7.46667 -4.6 1.4333 6.2 1 0 0 0 5 0.842 0.788 0 0.84
12.5667 0.4167 6.4833 6.2 0 0 0 0 2 0.824 0.77 0 0.84
8.36667 -3.7167 2.3167 6.2 1 0 0 0 4 0.86 0.788 0 0.79
8.85 -3.25 2.8 6.2 1 0 0 0 4 0.86 0.752 0 0.7
8.7833 -3.3167 2.7333 6.2 0 0 0 0 3 0.878 0.734 0 0.62
9.0333 -3.1 2.9666 6.2 0 0 1 0 3 0.842 0.77 0 0.79
10.5166 -1.5834 4.4666 6.2 0 0 0 2 3 0.86 0.752 0 0.7
12.7834 0.6667 6.7334 6.2 0 0 0 0 3 0.806 0.752 0 0.84
14.4667 2.35 8.4 6.2 1 0 0 0 3 0.824 0.77 0 0.84
3.48333 -8.65 -2.5833 6.2 0 0 0 0 3 0.86 0.788 0 0.79
11.5834 -0.55 5.5167 5.0 4 0 0 0 2 0.842 0.77 0 0.79
11.5834 -0.55 5.5167 5.0 4 0 0 0 2 0.842 0.77 0 0.79
11.5834 -0.55 5.5167 5.0 4 0 0 0 2 0.842 0.77 0 0.79
-5.83333 -18 -11.9166 6.2 0 0 0 0 2 0.824 0.77 0 0.84
9.41663 -2.7334 3.35 6.2 0 0 0 0 2 0.86 0.752 0 0.7
9.55003 -2.6 3.4834 6.2 0 0 0 0 2 0.86 0.752 0 0.7
9.45003 -2.7 3.3834 6.2 0 0 0 0 2 0.86 0.752 0 0.7
12.0167 -0.15 5.9333 6.2 0 0 0 0 2 0.842 0.77 0 0.79
12.0667 -0.1 5.9833 6.2 0 0 0 0 2 0.842 0.77 0 0.79
12.05 -0.1167 5.9666 6.2 0 0 0 0 2 0.842 0.77 0 0.79
11.6667 -0.5 5.5833 6.2 0 0 0 0 2 0.842 0.77 0 0.79
10.2167 -1.95 4.1333 6.2 0 0 0 0 2 0.86 0.77 0 0.74
11.7 -0.4667 5.6166 6.2 0 0 0 0 2 0.842 0.77 0 0.79
8.23337 -3.9333 2.15 6.2 1 0 0 0 2 0.86 0.788 0 0.79
8.51667 -3.65 2.4333 6.2 1 0 0 0 2 0.86 0.788 0 0.79
7.86667 -4.3 1.7833 6.2 0 0 0 0 2 0.86 0.788 0 0.79
11.65 -0.5167 5.5667 6.2 0 0 0 0 1 0.842 0.77 0 0.79
12.8666 0.6666 6.7666 9 0 1 0 0 0 0.83 0.77 0 0.77
-1.61667 -13.7834 -7.69997 5.0 1 0 1 0 1 0.752 0.734 0 0.94
-1.53333 -13.7 -7.61663 5.0 1 0 1 0 1 0.752 0.734 0 0.94
-1.66667 -13.8334 -7.74997 5.0 1 0 1 0 1 0.752 0.734 0 0.94
-1.61667 -13.7834 -7.69997 5.0 1 0 1 0 1 0.752 0.734 0 0.94
-1.65 -13.8167 -7.7333 5.0 1 0 1 0 1 0.752 0.734 0 0.94
10.7 -1.4834 4.6 6.2 0 0 0 0 1 0.86 0.752 0 0.7
10.8 -1.3834 4.7 6.2 0 0 0 0 1 0.86 0.752 0 0.7
10.6834 -1.5 4.5834 6.2 0 0 0 0 1 0.86 0.752 0 0.7
10.55 -1.65 4.45 6.2 0 0 0 0 1 0.878 0.77 0 0.7
10.4833 -1.7167 4.3833 6.2 0 0 0 0 1 0.878 0.77 0 0.7
11.75 -0.4333 5.65 6.2 0 0 0 0 0 0.842 0.77 0 0.79
11.0667 -1.1333 4.9667 6.2 0 0 0 0 1 0.878 0.752 0 0.66
11.1167 -1.0833 5.0167 6.2 0 0 0 0 1 0.878 0.752 0 0.66
11.25 -0.95 5.15 6.2 0 0 0 0 1 0.86 0.77 0 0.74
11.3 -0.9 5.2 6.2 0 0 0 0 1 0.86 0.77 0 0.74
12.3667 0.1667 6.2667 6.2 0 0 0 0 1 0.842 0.788 0 0.84
11.1833 -1.0167 5.0833 6.2 0 0 0 0 1 0.878 0.752 0 0.66
11.0833 -1.1167 4.9833 6.2 0 0 0 0 1 0.878 0.752 0 0.66
11.1 -1.1 5 6.2 0 0 0 0 1 0.878 0.752 0 0.66
11.1667 -1.0333 5.0667 6.2 0 0 0 0 1 0.878 0.752 0 0.66
11.1333 -1.0667 5.0333 6.2 0 0 0 0 1 0.878 0.752 0 0.66
12.4167 0.2167 6.3167 6.2 0 0 0 0 1 0.842 0.788 0 0.84
12.4167 0.2167 6.3167 6.2 0 0 0 0 1 0.842 0.788 0 0.84
5.0333 -7.1667 -1.0667 6.2 0 0 0 0 1 0.878 0.77 0 0.7
13.1166 0.9166 7.0166 6.2 0 0 0 0 0 0.842 0.77 0 0.79
13.0333 0.8333 6.9333 6.2 0 0 0 0 0 0.842 0.77 0 0.79
13.0333 0.8333 6.9333 6.2 0 0 0 0 0 0.842 0.77 0 0.79
13.0333 0.8333 6.9333 6.2 0 0 0 0 0 0.842 0.77 0 0.79
13.05 0.85 6.95 6.2 0 0 0 0 0 0.842 0.77 0 0.79
12.8333 0.6333 6.7333 9 0 1 0 0 0 0.83 0.77 0 0.77
12.8666 0.6666 6.7666 9 0 1 0 0 0 0.83 0.77 0 0.77
13.4333 1.2333 7.3333 6.2 0 0 0 0 0 0.806 0.752 0 0.84
-5.81667 -18.0167 -11.9167 6.2 0 0 0 0 0 0.788 0.734 0 0.83
-5.7 -17.9 -11.8 6.2 0 0 0 0 0 0.788 0.752 0 0.89
4.53333 -7.5333 -1.5 6.2 0 0 0 0 4 0.824 0.752 0 0.79
14.8166 2.6333 8.7333 6.2 0 0 0 0 0 0.842 0.752 0 0.74
0.36667 -11.8333 -5.73333 6.2 0 0 0 0 0 0.824 0.788 0 0.89
0.25 -11.95 -5.85 6.2 0 0 0 0 0 0.824 0.788 0 0.89
10.0834 -2.0833 4 6.2 0 0 1 0 1 0.824 0.788 0 0.89
11.2 -0.8667 5.1666 6.2 0 0 0 0 4 0.824 0.734 0 0.74
0.51667 -11.65 -5.56663 2.8 0 1 0 0 2 0.788 0.77 0 0.94
0.25 -11.9167 -5.8333 2.8 0 1 0 0 2 0.788 0.77 0 0.94
0.33333 -11.8334 -5.74997 2.8 0 1 0 0 2 0.788 0.77 0 0.94
0.16667 -12 -5.91663 2.8 0 1 0 0 2 0.788 0.77 0 0.94
11.9834 -0.1333 5.9167 6.2 0 0 0 0 2 0.824 0.788 0 0.89
11.6 -0.5167 5.5333 6.2 0 0 0 0 2 0.824 0.788 0 0.89
11.4834 -0.6333 5.4167 6.2 0 0 0 0 2 0.824 0.788 0 0.89
11.9667 -0.15 5.9 6.2 0 0 0 0 2 0.824 0.788 0 0.89
11.4167 -0.7 5.35 6.2 0 0 0 0 2 0.824 0.788 0 0.89
11.4667 -0.65 5.4 6.2 0 0 0 0 2 0.824 0.788 0 0.89
11.4167 -0.7 5.35 6.2 0 0 0 0 2 0.824 0.788 0 0.89
11.4167 -0.7 5.35 6.2 0 0 0 0 2 0.824 0.788 0 0.89
11.4167 -0.7 5.35 6.2 0 0 0 0 2 0.824 0.788 0 0.89
11.3834 -0.7333 5.3167 6.2 0 0 0 0 2 0.824 0.788 0 0.89
11.3834 -0.7333 5.3167 6.2 0 0 0 0 2 0.824 0.788 0 0.89
11.3834 -0.7333 5.3167 6.2 0 0 0 0 2 0.824 0.788 0 0.89
11.4 -0.7167 5.3333 6.2 0 0 0 0 2 0.824 0.788 0 0.89
11.3667 -0.75 5.3 6.2 0 0 0 0 2 0.824 0.788 0 0.89
11.3667 -0.75 5.3 6.2 0 0 0 0 2 0.824 0.788 0 0.89
11.3834 -0.7333 5.3167 6.2 0 0 0 0 2 0.824 0.788 0 0.89
11.3834 -0.7333 5.3167 6.2 0 0 0 0 2 0.824 0.788 0 0.89
11.2334 -0.8833 5.1667 6.2 0 0 0 0 2 0.824 0.788 0 0.89
11.2167 -0.9 5.15 6.2 0 0 0 0 2 0.824 0.788 0 0.89
11.2167 -0.9 5.15 6.2 0 0 0 0 2 0.824 0.788 0 0.89
10.9 -1.2167 4.8333 6.2 0 0 0 0 2 0.824 0.77 0 0.84
2.4 -9.71667 -3.66667 6.2 0 0 0 0 2 0.824 0.77 0 0.84
2.36667 -9.75 -3.7 6.2 0 0 0 0 2 0.824 0.77 0 0.84
2.38334 -9.73333 -3.68333 6.2 0 0 0 0 2 0.824 0.77 0 0.84
2.3 -9.81667 -3.76667 6.2 0 0 0 0 2 0.824 0.77 0 0.84
2.33334 -9.78333 -3.73333 6.2 0 0 0 0 2 0.824 0.77 0 0.84
2.33334 -9.78333 -3.73333 6.2 0 0 0 0 2 0.824 0.77 0 0.84
2.31667 -9.8 -3.75 6.2 0 0 0 0 2 0.824 0.77 0 0.84
2.21667 -9.9 -3.85 6.2 0 0 0 0 2 0.824 0.77 0 0.84
11.2834 -0.85 5.2167 1.9 0 0 2 1 3 0.806 0.788 0 0.94
11.2834 -0.85 5.2167 1.9 0 0 2 1 3 0.806 0.788 0 0.94
11.2834 -0.85 5.2167 1.9 0 0 2 1 3 0.806 0.788 0 0.94
11.2667 -0.8667 5.2 1.9 0 0 2 1 3 0.806 0.788 0 0.94
11.2834 -0.85 5.2167 1.9 0 0 2 1 3 0.806 0.788 0 0.94
11.25 -0.8834 5.1833 1.9 0 0 2 1 3 0.806 0.788 0 0.94
11.2167 -0.9167 5.15 1.9 0 0 2 1 3 0.806 0.788 0 0.94
11.2334 -0.9 5.1667 1.9 0 0 2 1 3 0.806 0.788 0 0.94
11.2334 -0.9 5.1667 1.9 0 0 2 1 3 0.806 0.788 0 0.94
11.2334 -0.9 5.1667 1.9 0 0 2 1 3 0.806 0.788 0 0.94
11.0167 -1.1167 4.95 6.2 0 0 0 1 3 0.806 0.77 0 0.89
11.05 -1.0834 4.9833 6.2 0 0 0 1 3 0.806 0.77 0 0.89
11 -1.1334 4.9333 6.2 0 0 0 1 3 0.806 0.77 0 0.89
12.0333 -0.0833 5.9833 6.2 0 0 2 1 3 0.77 0.752 0 0.94
5.90003 -6.15 -0.1333 6.2 0 0 0 0 6 0.77 0.734 0 0.89
14.8 2.6833 8.7333 9 0 0 0 0 3 0.78 0.77 1 0.96
9.16663 -2.9334 3.1166 2 0 0 0 2 3 0.76 0.76 0 1
10.4166 -1.65 4.3833 6.2 1 0 0 0 6 0.824 0.77 0 0.84
7.29997 -4.8834 1.2166 6.2 0 0 0 0 0 0.896 0.788 0 0.7
4.7333 -7.3667 -1.3167 6.2 0 0 0 0 3 0.86 0.752 0 0.7
11.4834 -0.6 5.4334 6.2 0 0 0 0 3 0.806 0.77 0 0.89
11.6 -0.4834 5.55 6.2 0 0 0 0 3 0.806 0.752 0 0.84
4.3667 -7.7166 -1.6833 6.2 0 0 0 0 4 0.86 0.752 0 0.7
3.54997 -8.5 -2.4834 6.2 0 0 0 0 6 0.824 0.752 0 0.79
3.54997 -8.5 -2.4834 6.2 0 0 0 0 6 0.824 0.752 0 0.79
3.48337 -8.5666 -2.55 6.2 0 0 0 0 6 0.824 0.752 0 0.79
10.7166 -1.35 4.6833 6.2 0 0 0 0 5 0.824 0.716 0 0.7
1 -11.1834 -5.08337 6.2 0 0 0 0 1 0.824 0.77 0 0.84
0.66667 -11.5167 -5.4167 7 0 1 0 0 1 0.82 0.77 0 0.8
-0.03333 -12.2167 -6.1167 6.2 0 0 0 0 1 0.806 0.77 0 0.89
6.36663 -5.8334 0.2666 6.2 0 0 0 0 1 0.878 0.77 0 0.7
2.53333 -9.53337 -3.49997 6.2 0 0 0 0 5 0.788 0.752 0 0.89
5.4667 -6.5833 -0.55 6.2 0 0 0 0 6 0.86 0.752 0 0.7
5.6 -6.45 -0.4167 6.2 0 0 0 0 6 0.86 0.752 0 0.7
5.5333 -6.5167 -0.4834 6.2 0 0 0 0 6 0.86 0.752 0 0.7
5.5667 -6.4833 -0.45 6.2 0 0 0 0 6 0.86 0.752 0 0.7
7.33337 -4.85 1.25 6.2 0 0 0 0 0 0.896 0.788 0 0.7
9.76667 -2.2833 3.7333 3 0 0 1 2 5 0.83 0.77 0 0.78
9.78337 -2.2666 3.75 3 0 0 1 2 5 0.83 0.77 0 0.78
9.63337 -2.4166 3.6 3 0 0 1 2 5 0.83 0.77 0 0.78
9.71667 -2.3333 3.6833 3 0 0 1 2 5 0.83 0.77 0 0.78
-1 -13.05 -7.01663 6.2 1 0 0 0 5 0.77 0.752 0 0.94
2.36667 -9.6833 -3.6667 4.3 0 0 0 0 6 0.806 0.77 0 0.89
8.8167 -3.2333 2.7834 6.2 1 0 0 0 5 0.86 0.752 0 0.7
9.0667 -3 3.0334 6.2 0 0 1 0 5 0.824 0.77 0 0.84
9.8 -2.2667 3.7667 6.2 0 0 0 0 5 0.842 0.77 0 0.79
9.25 -2.8167 3.2167 6.2 0 0 1 0 5 0.824 0.77 0 0.84
9.05 -3.0167 3.0167 6.2 0 0 1 0 5 0.824 0.77 0 0.84
1.73334 -10.3333 -4.30003 6.2 0 0 0 0 6 0.788 0.752 0 0.89
5.29997 -6.7667 -0.7334 6.2 0 0 0 0 5 0.86 0.752 0 0.7
9.60003 -2.4666 3.5667 3.1 0 1 0 0 5 0.878 0.77 0 0.7
12.65 0.5666 6.6166 1.1 0 1 0 0 4 0.824 0.77 0 0.84
12.65 0.5666 6.6166 1.1 0 1 0 0 4 0.824 0.77 0 0.84
12.6167 0.5333 6.5833 1.1 0 1 0 0 4 0.824 0.77 0 0.84
12.35 0.2666 6.3166 0.9 0 1 0 0 4 0.842 0.77 0 0.79
12.5834 0.5 6.55 1.1 0 1 0 0 4 0.824 0.77 0 0.84
12.4 0.3166 6.3666 0.9 0 1 0 0 4 0.842 0.77 0 0.79
12.2 0.1166 6.1666 0.9 0 1 0 0 4 0.842 0.77 0 0.79
12.15 0.0666 6.1166 0.9 0 1 0 0 4 0.842 0.77 0 0.79
12.2 0.1166 6.1666 0.9 0 1 0 0 4 0.842 0.77 0 0.79
12.2667 0.1833 6.2333 0.9 0 1 0 0 4 0.842 0.77 0 0.79
12.2 0.1166 6.1666 0.9 0 1 0 0 4 0.842 0.77 0 0.79
12.1667 0.0833 6.1333 0.9 0 1 0 0 4 0.842 0.77 0 0.79
12.1667 0.0833 6.1333 0.9 0 1 0 0 4 0.842 0.77 0 0.79
12.0667 -0.0167 6.0333 0.9 0 1 0 0 4 0.842 0.77 0 0.79
12.0167 -0.0667 5.9833 0.9 0 1 0 0 4 0.842 0.77 0 0.79
12 -0.0834 5.9666 0.9 0 1 0 0 4 0.842 0.77 0 0.79
12 -0.0834 5.9666 0.9 0 1 0 0 4 0.842 0.77 0 0.79
12.0167 -0.0667 5.9833 0.9 0 1 0 0 4 0.842 0.77 0 0.79
12.0834 0 6.05 0.9 0 1 0 0 4 0.842 0.77 0 0.79
12.0167 -0.0667 5.9833 0.9 0 1 0 0 4 0.842 0.77 0 0.79
13.8167 1.7167 7.7667 6.2 0 0 0 0 3 0.806 0.752 0 0.84
14.1 2.0166 8.0666 2.5 0 1 0 0 4 0.806 0.77 0 0.89
12.7 0.6 6.65 6.2 0 0 0 0 3 0.842 0.752 0 0.74
6.68337 -5.5 0.6 11 0 1 0 0 1 0.88 0.78 0 0.64
11.7 -0.4166 5.65 6.2 0 0 0 0 3 0.878 0.716 0 0.58
9.0167 -3.1 2.9667 6.2 0 0 0 0 3 0.896 0.77 0 0.66
9.1167 -3 3.0667 6.2 0 0 0 0 3 0.896 0.77 0 0.66
9 -3.1167 2.95 6.2 0 0 0 0 3 0.896 0.77 0 0.66
8.8 -3.3167 2.75 6.2 0 0 0 0 3 0.896 0.77 0 0.66
8.9667 -3.15 2.9167 6.2 0 0 0 0 3 0.896 0.77 0 0.66
10.9333 -1.2334 4.85 6.2 0 0 0 0 2 0.86 0.77 0 0.74
10.85 -1.3167 4.7667 6.2 0 0 0 0 2 0.86 0.77 0 0.74
10.9167 -1.25 4.8334 6.2 0 0 0 0 2 0.86 0.77 0 0.74
10.7833 -1.3834 4.7 6.2 0 0 0 0 2 0.86 0.77 0 0.74
12.0333 -0.1167 5.95 6.2 0 0 0 0 2 0.842 0.77 0 0.79
3.89997 -8.25 -2.1834 10 0 1 0 0 2 0.85 0.79 0 0.77
11.75 -0.4 5.6667 6.2 0 0 0 0 2 0.842 0.77 0 0.79
3.7167 -8.4333 -2.3666 12 0 0 0 0 2 0.83 0.77 0 0.76
13.2167 1.0334 7.1334 6.2 0 0 0 0 1 0.842 0.77 0 0.79
9.9833 -2.1834 3.9 6.2 0 0 0 0 2 0.86 0.77 0 0.74
12.4333 0.2666 6.35 6.2 0 0 0 0 1 0.788 0.752 0 0.89
11.6834 -0.4833 5.6 6.2 0 0 0 0 1 0.806 0.806 0 1
4.40003 -7.6666 -1.6333 6.2 0 0 0 0 5 0.878 0.77 0 0.7
12.0667 -0.1333 5.9667 6.2 0 0 0 0 0 0.824 0.788 0 0.89
11.45 -0.75 5.35 6.2 0 0 0 0 0 0.824 0.77 0 0.84
11.8667 -0.3 5.7834 6.2 0 0 0 0 1 0.86 0.752 0 0.7
11.95 -0.2167 5.8667 6.2 0 0 0 0 1 0.86 0.752 0 0.7
12.5 0.3333 6.4167 6.2 0 0 0 0 1 0.824 0.752 0 0.79
13 0.8 6.9 6.2 0 0 0 0 0 0.86 0.77 0 0.74
10.5667 -1.6 4.4833 6.2 0 0 1 0 1 0.806 0.788 0 0.94
10.6334 -1.5333 4.55 6.2 0 0 1 0 1 0.806 0.788 0 0.94
10.7167 -1.45 4.6333 6.2 0 0 1 0 1 0.806 0.788 0 0.94
10.6 -1.5667 4.5166 6.2 0 0 1 0 1 0.806 0.788 0 0.94
10.65 -1.5167 4.5666 6.2 0 0 1 0 1 0.806 0.788 0 0.94
10.6167 -1.55 4.5333 6.2 0 0 1 0 1 0.806 0.788 0 0.94
10.6 -1.5667 4.5166 6.2 0 0 1 0 1 0.806 0.788 0 0.94
11.8 -0.3667 5.7166 6.2 0 0 0 0 1 0.806 0.806 0 1
11.7334 -0.4333 5.65 6.2 0 0 0 0 1 0.806 0.806 0 1
11.75 -0.4167 5.6666 6.2 0 0 0 0 1 0.806 0.806 0 1
5.63337 -6.5166 -0.45 6.2 0 0 0 0 2 0.896 0.788 0 0.7
14.7333 2.6833 8.7 6.2 0 0 0 0 6 0.806 0.752 0 0.84
-7.1 -19.1667 -13.1333 6.2 0 0 0 0 5 0.788 0.752 0 0.89
-7.08333 -19.15 -13.1166 6.2 0 0 0 0 5 0.788 0.752 0 0.89
13.1333 1.0833 7.1 9 0 1 0 0 5 0.81 0.74 0 0.72
4.41667 -7.6333 -1.6167 6.2 0 0 0 0 6 0.86 0.77 0 0.74
4.33337 -7.7166 -1.7 6.2 0 0 0 0 6 0.86 0.77 0 0.74
3.16663 -8.8834 -2.8667 5.0 0 0 0 0 6 0.824 0.77 0 0.84
3.20003 -8.85 -2.8333 5.0 0 0 0 0 6 0.824 0.77 0 0.84
3.15003 -8.9 -2.8833 5.0 0 0 0 0 6 0.824 0.77 0 0.84
3.15003 -8.9 -2.8833 5.0 0 0 0 0 6 0.824 0.77 0 0.84
3.13333 -8.9167 -2.9 5.0 0 0 0 0 6 0.824 0.77 0 0.84
3.13333 -8.9167 -2.9 5.0 0 0 0 0 6 0.824 0.77 0 0.84
3.10003 -8.95 -2.9333 5.0 0 0 0 0 6 0.824 0.77 0 0.84
5.6167 -6.5 -0.4333 6.2 0 0 0 0 3 0.878 0.788 0 0.75
-0.21667 -12.2667 -6.23337 6.2 0 0 0 0 5 0.788 0.788 0 1
-3.43334 -15.5834 -9.49997 6.2 0 0 0 0 2 0.788 0.77 0 0.94
12.45 0.3833 6.4167 6.2 0 0 0 0 5 0.806 0.716 0 0.74
6.74997 -5.3167 0.7166 6.2 0 0 0 0 4 0.86 0.734 0 0.66
9.3167 -2.7333 3.3 6.2 0 0 0 0 5 0.878 0.752 0 0.66
9.3 -2.75 3.2833 6.2 0 0 0 0 5 0.878 0.752 0 0.66
10.2166 -1.8334 4.2 6.2 0 0 0 0 6 0.86 0.734 0 0.66
10.1666 -1.8834 4.15 6.2 0 0 0 0 6 0.86 0.734 0 0.66
10.1666 -1.8834 4.15 6.2 0 0 0 0 6 0.86 0.734 0 0.66
10.1333 -1.9167 4.1167 6.2 0 0 0 0 6 0.86 0.734 0 0.66
12.15 0.1 6.1333 6.2 0 0 3 0 5 0.752 0.734 0 0.94
12.2333 0.1833 6.2166 6.2 0 0 3 0 5 0.752 0.734 0 0.94
17.0333 4.9833 11.0167 6.2 0 0 0 0 6 0.788 0.752 0 0.89
-1.7 -13.75 -7.73337 3.1 0 0 0 0 6 0.77 0.77 0 1
-5.75 -17.8166 -11.7833 6.2 0 0 0 0 5 0.806 0.734 0 0.79
8.03337 -4.0333 2 6.2 0 0 0 0 5 0.824 0.752 0 0.79
6.54997 -5.5167 0.5166 6.2 0 0 0 0 5 0.806 0.752 0 0.84
4.40003 -7.6666 -1.6333 6.2 0 0 0 0 5 0.878 0.77 0 0.7
5.18337 -6.8833 -0.85 6.2 0 0 0 0 4 0.914 0.77 0 0.63
5.16667 -6.9 -0.8667 6.2 0 0 0 0 4 0.914 0.77 0 0.63
5.13337 -6.9333 -0.9 6.2 0 0 0 0 4 0.914 0.77 0 0.63
5.09997 -6.9667 -0.9334 6.2 0 0 0 0 4 0.914 0.77 0 0.63
5.11667 -6.95 -0.9167 6.2 0 0 0 0 4 0.914 0.77 0 0.63
5.13337 -6.9333 -0.9 6.2 0 0 0 0 4 0.914 0.77 0 0.63
5.11667 -6.95 -0.9167 6.2 0 0 0 0 4 0.914 0.77 0 0.63
10.2333 -1.8333 4.2 6.2 0 0 0 0 4 0.842 0.77 0 0.79
10.2833 -1.7833 4.25 6.2 0 0 0 0 4 0.842 0.77 0 0.79
14.4833 2.3667 8.4167 5.0 0 0 0 0 3 0.77 0.752 0 0.94
14.3 2.1834 8.2334 5.0 0 0 0 0 3 0.77 0.752 0 0.94
7.44997 -4.6334 1.4 6.2 0 0 0 0 4 0.896 0.77 0 0.66
7.46667 -4.6167 1.4167 6.2 0 0 0 0 4 0.914 0.752 0 0.59
-6.01667 -18.1 -12.0667 6.2 0 0 0 0 4 0.806 0.77 0 0.89
-6.03333 -18.1166 -12.0833 6.2 0 0 0 0 4 0.806 0.77 0 0.89
-6.01667 -18.1 -12.0667 6.2 0 0 0 0 4 0.806 0.77 0 0.89
-6.1 -18.1833 -12.15 6.2 0 0 0 0 4 0.806 0.77 0 0.89
-6.01667 -18.1 -12.0667 6.2 0 0 0 0 4 0.806 0.77 0 0.89
-6.05 -18.1333 -12.1 6.2 0 0 0 0 4 0.806 0.77 0 0.89
-6.1 -18.1833 -12.15 6.2 0 0 0 0 4 0.806 0.77 0 0.89
-6.06667 -18.15 -12.1167 6.2 0 0 0 0 4 0.806 0.77 0 0.89
-6.11667 -18.2 -12.1667 6.2 0 0 0 0 4 0.806 0.77 0 0.89
-6.08333 -18.1666 -12.1333 6.2 0 0 0 0 4 0.806 0.77 0 0.89
-6.13333 -18.2166 -12.1833 6.2 0 0 0 0 4 0.806 0.77 0 0.89
13.8667 1.7667 7.8167 6.2 0 0 0 0 4 0.788 0.77 0 0.94
16.7167 4.6167 10.6667 6.2 0 0 0 0 4 0.806 0.788 0 0.94
16.5167 4.4167 10.4667 6.2 0 0 0 0 4 0.806 0.788 0 0.94
16.7167 4.6167 10.6667 6.2 0 0 0 0 4 0.806 0.788 0 0.94
16.7333 4.6333 10.6833 6.2 0 0 0 0 4 0.806 0.788 0 0.94
16.5 4.4 10.45 6.2 0 0 0 0 4 0.806 0.788 0 0.94
7.44997 -4.6334 1.4 6.2 0 0 0 0 4 0.896 0.77 0 0.66
7.46667 -4.6167 1.4167 6.2 0 0 0 0 4 0.914 0.752 0 0.59
-6.01667 -18.1 -12.0667 6.2 0 0 0 0 4 0.806 0.77 0 0.89
-6.03333 -18.1166 -12.0833 6.2 0 0 0 0 4 0.806 0.77 0 0.89
-6.01667 -18.1 -12.0667 6.2 0 0 0 0 4 0.806 0.77 0 0.89
-6.1 -18.1833 -12.15 6.2 0 0 0 0 4 0.806 0.77 0 0.89
-6.01667 -18.1 -12.0667 6.2 0 0 0 0 4 0.806 0.77 0 0.89
-6.05 -18.1333 -12.1 6.2 0 0 0 0 4 0.806 0.77 0 0.89
-6.1 -18.1833 -12.15 6.2 0 0 0 0 4 0.806 0.77 0 0.89
-6.06667 -18.15 -12.1167 6.2 0 0 0 0 4 0.806 0.77 0 0.89
-6.11667 -18.2 -12.1667 6.2 0 0 0 0 4 0.806 0.77 0 0.89
-6.08333 -18.1666 -12.1333 6.2 0 0 0 0 4 0.806 0.77 0 0.89
-6.13333 -18.2166 -12.1833 6.2 0 0 0 0 4 0.806 0.77 0 0.89
13.8667 1.7667 7.8167 6.2 0 0 0 0 4 0.788 0.77 0 0.94
16.7167 4.6167 10.6667 6.2 0 0 0 0 4 0.806 0.788 0 0.94
16.5167 4.4167 10.4667 6.2 0 0 0 0 4 0.806 0.788 0 0.94
16.7167 4.6167 10.6667 6.2 0 0 0 0 4 0.806 0.788 0 0.94
16.7333 4.6333 10.6833 6.2 0 0 0 0 4 0.806 0.788 0 0.94
16.5 4.4 10.45 6.2 0 0 0 0 4 0.806 0.788 0 0.94
8.43337 -3.7166 2.3667 6.2 0 0 0 0 2 0.914 0.752 0 0.59
-0.13333 -12.3 -6.2167 6.2 0 0 0 0 1 0.806 0.77 0 0.89
-0.16666 -12.3333 -6.25003 6.2 0 0 0 0 1 0.806 0.77 0 0.89
0.15 -12.0167 -5.93337 6.2 0 0 0 0 1 0.806 0.77 0 0.89
2.38333 -9.74997 -3.68337 6.2 0 0 0 0 3 0.86 0.788 0 0.79
-1.65 -13.7 -7.66663 5.0 0 0 0 0 5 0.77 0.752 0 0.94
1.5 -10.6333 -4.56663 4.3 0 0 0 0 2 0.842 0.788 0 0.84
12.95 0.8 6.8667 6.2 0 0 0 0 2 0.824 0.77 0 0.84
-5.45 -17.65 -11.55 10 0 0 0 0 0 0.842 0.788 0 0.84
-5.48333 -17.6666 -11.5833 6.2 0 0 0 0 0 0.842 0.788 0 0.84
12.5167 0.35 6.4333 6.2 0 0 0 0 1 0.842 0.752 0 0.74
11.35 -0.8 5.2834 6.2 0 0 0 0 2 0.824 0.734 0 0.74
11.0333 -1.1167 4.9667 6.2 0 0 0 0 2 0.824 0.734 0 0.74
11.9 -0.2166 5.85 6.2 0 0 0 0 3 0.86 0.77 0 0.74
12.0666 -0.05 6.0166 6.2 0 0 0 0 3 0.86 0.77 0 0.74
4.40003 -7.7166 -1.65 5.6 0 0 0 2 3 0.878 0.77 0 0.7
4.06663 -8.05 -1.9834 5.0 0 0 0 0 3 0.878 0.752 0 0.66
10.2 -1.8834 4.15 6.2 0 0 0 0 3 0.896 0.752 0 0.62
4.2333 -7.8167 -1.7834 6.2 0 0 0 0 5 0.824 0.752 0 0.79
3.68337 -8.3833 -2.35 10 0 1 0 0 4 0.84 0.71 0 0.56
12.6167 0.45 6.5333 6.2 0 0 0 0 1 0.86 0.788 0 0.79
12.1667 -0.0167 6.0833 6.2 0 0 0 0 1 0.842 0.77 0 0.79
13.0833 1.0333 7.05 6.2 0 0 0 0 5 0.806 0.734 0 0.79
13.5667 1.5167 7.5334 6.2 0 0 0 0 5 0.806 0.734 0 0.79
13.6 1.55 7.5667 6.2 0 0 0 0 5 0.806 0.734 0 0.79
12.5167 0.4667 6.4834 6.2 0 0 0 0 6 0.806 0.752 0 0.84
15.35 3.3 9.3166 6.2 0 0 0 0 5 0.788 0.752 0 0.89
15.4167 3.3667 9.3833 6.2 0 0 0 0 5 0.788 0.752 0 0.89
11.35 -0.7166 5.3167 6.2 1 0 0 0 4 0.842 0.752 0 0.74
-1.31667 -13.4 -7.3667 5.0 0 0 0 0 4 0.77 0.752 0 0.94
6.51663 -5.5667 0.4666 6.2 0 0 1 0 4 0.788 0.77 0 0.94
11.9666 -0.1167 5.9166 6.2 0 0 0 0 4 0.824 0.752 0 0.79
8.25 -3.8333 2.2167 5.0 1 0 3 0 4 0.824 0.788 0 0.89
-6.18334 -18.3 -12.25 6.2 0 0 0 0 3 0.788 0.752 0 0.89
-6.18334 -18.3 -12.25 6.2 0 0 0 0 3 0.788 0.752 0 0.89
-6.2 -18.3166 -12.2666 6.2 0 0 0 0 3 0.788 0.752 0 0.89
-6.21667 -18.3333 -12.2833 6.2 0 0 0 0 3 0.788 0.752 0 0.89
16.05 3.95 10 9 0 1 0 0 3 0.8 0.76 0 0.82
16.05 3.95 10 9 0 1 0 0 3 0.8 0.76 0 0.82
15.4 3.3 9.35 6.2 0 0 0 0 3 0.806 0.752 0 0.84
15.35 3.25 9.3 6.2 0 0 0 0 3 0.806 0.752 0 0.84
14.5834 2.4834 8.5334 6.2 0 0 0 0 3 0.806 0.752 0 0.84
14.5834 2.4834 8.5334 6.2 0 0 0 0 3 0.806 0.752 0 0.84
14.2334 2.1334 8.1834 6.2 0 0 0 0 3 0.806 0.752 0 0.84
14.15 2.05 8.1 6.2 0 0 0 0 3 0.806 0.752 0 0.84
14.1334 2.0334 8.0834 6.2 0 0 0 0 3 0.806 0.752 0 0.84
14.0834 1.9834 8.0334 6.2 0 0 0 0 3 0.806 0.752 0 0.84
14.05 1.95 8 6.2 0 0 0 0 3 0.806 0.752 0 0.84
6.86667 -5.2333 0.8167 7 0 0 1 0 3 0.83 0.76 0 0.73
6.89997 -5.2 0.85 7 0 0 1 0 3 0.83 0.76 0 0.73
9.6833 -2.4834 3.6 6.2 0 0 0 0 2 0.878 0.77 0 0.7
5.76663 -6.4167 -0.3167 6.2 1 0 0 0 1 0.86 0.77 0 0.74
5.76663 -6.4167 -0.3167 6.2 1 0 0 0 1 0.86 0.77 0 0.74
5.81663 -6.3667 -0.2667 6.2 1 0 0 0 1 0.86 0.77 0 0.74
5.78333 -6.4 -0.3 6.2 1 0 0 0 1 0.86 0.77 0 0.74
5.80003 -6.3833 -0.2833 6.2 1 0 0 0 1 0.86 0.77 0 0.74
4.63333 -7.5167 -1.4333 6.2 0 0 0 0 2 0.878 0.788 0 0.75
4.66663 -7.4834 -1.4 6.2 0 0 0 0 2 0.878 0.788 0 0.75
12.6 0.45 6.5334 6.2 0 0 0 0 2 0.86 0.788 0 0.79
11.1667 -0.9667 5.1 6.2 0 0 0 0 3 0.86 0.752 0 0.7
5.51663 -6.6 -0.55 6.2 1 0 0 0 3 0.878 0.752 0 0.66
5.03333 -7.0833 -1.0333 6.2 0 0 0 0 3 0.878 0.77 0 0.7
4.93333 -7.1833 -1.1333 6.2 0 0 0 0 3 0.878 0.77 0 0.7
5.23333 -6.8833 -0.8333 6.2 1 0 0 0 3 0.878 0.752 0 0.66
4.95003 -7.1666 -1.1166 6.2 0 0 0 0 3 0.878 0.77 0 0.7
4.93333 -7.1833 -1.1333 6.2 0 0 0 0 3 0.878 0.77 0 0.7
5.21663 -6.9 -0.85 6.2 1 0 0 0 3 0.878 0.752 0 0.66
12.3 0.2167 6.25 6.2 0 0 0 0 4 0.806 0.734 0 0.79
15.55 3.4833 9.5166 7 0 1 0 0 4 0.78 0.74 0 0.85
-6.1 -18.1666 -12.1333 6.2 0 0 0 0 5 0.77 0.752 0 0.94
-6.08334 -18.15 -12.1167 6.2 0 0 0 0 5 0.77 0.752 0 0.94
-3.68334 -15.75 -9.71667 6.2 0 0 0 0 5 0.806 0.752 0 0.84
8.95003 -3.1 2.9167 6.2 0 0 0 0 6 0.878 0.698 0 0.55
8.93333 -3.1167 2.9 6.2 0 0 0 0 6 0.878 0.698 0 0.55
8.93333 -3.1167 2.9 6.2 0 0 0 0 6 0.878 0.698 0 0.55
13.8167 1.7667 7.7834 6.2 0 0 0 0 5 0.77 0.77 0 1
13.7833 1.7333 7.75 6.2 0 0 0 0 5 0.77 0.77 0 1
6.01663 -6.1 -0.0334 6.2 0 0 0 0 3 0.878 0.788 0 0.75
6.01663 -6.1 -0.0334 6.2 0 0 0 0 3 0.878 0.788 0 0.75
6.00003 -6.1166 -0.05 6.2 0 0 0 0 3 0.878 0.788 0 0.75
5.98333 -6.1333 -0.0667 6.2 0 0 0 0 3 0.878 0.788 0 0.75
15.95 3.85 9.9 6.2 0 0 0 0 3 0.806 0.752 0 0.84
15.95 3.85 9.9 6.2 0 0 0 0 3 0.806 0.752 0 0.84
15.9833 3.8833 9.9333 6.2 0 0 0 0 3 0.806 0.752 0 0.84
15.9333 3.8333 9.8833 6.2 0 0 0 0 3 0.806 0.752 0 0.84
15.9 3.8 9.85 6.2 0 0 0 0 3 0.806 0.752 0 0.84
15.9 3.8 9.85 6.2 0 0 0 0 3 0.806 0.752 0 0.84
5.91667 -6.15 -0.1167 6.2 1 0 0 0 5 0.878 0.788 0 0.75
5.83337 -6.2333 -0.2 6.2 0 0 0 0 5 0.878 0.77 0 0.7
5.83337 -6.2333 -0.2 6.2 0 0 0 0 5 0.878 0.77 0 0.7
5.81667 -6.25 -0.2167 6.2 0 0 0 0 5 0.878 0.77 0 0.7
5.84997 -6.2167 -0.1834 6.2 0 0 0 0 5 0.878 0.77 0 0.7
5.89997 -6.1667 -0.1334 6.2 0 0 0 0 5 0.878 0.77 0 0.7
5.83337 -6.2333 -0.2 6.2 0 0 0 0 5 0.878 0.77 0 0.7
5.79997 -6.2667 -0.2334 6.2 0 0 0 0 5 0.878 0.77 0 0.7
-4.48333 -16.5333 -10.5 6.2 0 0 0 0 5 0.788 0.77 0 0.94
9.61667 -2.4833 3.5667 4.3 0 0 0 0 4 0.896 0.752 0 0.62
10.1167 -2.0333 4.05 6.2 0 0 0 0 2 0.86 0.77 0 0.74
13.7833 1.6166 7.7 6.2 0 0 0 0 2 0.842 0.788 0 0.84
9.14997 -2.9334 3.1 3.7 0 0 2 0 4 0.788 0.752 0 0.89
15.8834 3.8167 9.85 10 0 0 0 0 5 0.77 0.734 0 0.89
