0.407314
-1.000000
-0.916513
-0.964028
-1.000000
-1.000000
-1.000000
-1.000000
-1.000000
-1.000000
-1.000000
-1.000000
-1.000000
-1.000000
-0.706494
-0.812236
-0.604590
-0.555800
-0.812236
-0.759106
-0.812236
-0.812236
-0.759106
-0.812236
-0.812236
-0.706494
-0.812236
-0.706494
-0.759106
-0.812236
-0.759106
-0.865125
-0.865125
-0.865125
-0.812236
-0.964028
-0.865125
-0.964028
-0.865125
0.183224
-0.604590
-0.555800
-0.013716
-0.419374
-0.260954
-0.225308
-0.759106
-0.759106
-0.759106
0.962038
0.858912
0.939278
0.902394
0.876288
0.522272
0.373858
0.474486
0.349714
0.361982
0.522272
0.522272
0.385362
0.522272
0.529506
0.642122
0.456686
0.465714
0.556628
0.637648
0.543418
1.000000
1.000000
0.628400
0.845244
0.831488
0.888406
0.891890
0.955366
0.944712
-0.067994
-0.508634
0.570462
0.559440
0.552726
-0.377300
0.361982
-1.000000
-0.964028
-0.812236
-0.126978
-0.916513
-0.225308
0.944712
0.296384
0.832120
0.858058
0.932708
0.934900
0.920054
0.793026
0.865426
0.780636
0.980036
0.889294
0.929598
0.847044
-0.158382
0.310396
0.281882
-0.463152
-1.000000
0.946812
-0.604590
0.690244
0.948210
0.882694
0.884500
-0.865125
-0.865125
-0.964028
-1.000000
-0.964028
-0.964028
-1.000000
-1.000000
-1.000000
-0.964028
-0.812236
-0.706494
-0.067994
0.011796
0.417792
0.562984
0.592518
0.646500
0.427956
0.793984
0.465714
0.349714
0.323940
0.550106
0.427956
0.447390
0.465714
0.474486
0.603370
0.474486
0.650784
0.598008
0.685576
0.507210
0.474486
0.608608
0.474486
0.997340
-0.964028
0.692486
0.183224
-0.463152
-0.604590
-0.865125
0.125090
0.678386
0.642122
0.592518
-0.508634
-0.260954
-0.336898
-0.336898
-0.260954
-0.336898
-0.260954
-0.096868
-0.463152
-0.067994
-0.126978
0.235212
-0.260954
-0.225308
-0.463152
-0.555800
0.011796
-0.508634
-0.463152
-0.298132
-0.225308
-0.158382
-1.000000
-0.555800
-0.555800
0.201192
-0.706494
-0.013716
-0.604590
-0.555800
0.758292
0.901272
-0.759106
-0.604590
-0.706494
-0.706494
-0.706494
-0.706494
-0.654886
-0.759106
-0.706494
-0.812236
-0.759106
-0.654886
-0.706494
-0.706494
-0.604590
-0.812236
-0.555800
-0.706494
-0.812236
-0.654886
-0.706494
-0.706494
-0.759106
-0.013716
-0.706494
-0.706494
-0.604590
-0.759106
-0.555800
-0.759106
0.235212
-0.759106
-0.865125
-0.865125
-0.865125
-0.654886
-0.706494
-0.812236
0.385362
-0.706494
-0.706494
-0.706494
-0.812236
-0.865125
-0.812236
0.036294
-0.812236
-0.759106
0.296384
-0.812236
-0.812236
-0.706494
-0.654886
-0.812236
-0.865125
-0.812236
-0.812236
-0.812236
-0.865125
-0.812236
-0.812236
-0.865125
-0.759106
-0.865125
-0.812236
-0.865125
-0.812236
-0.812236
-0.865125
-0.865125
-0.865125
-0.759106
-0.865125
-0.812236
-0.812236
-0.812236
-0.865125
-0.812236
-0.964028
-0.812236
-0.706494
-0.812236
-0.865125
-0.040294
-0.812236
-0.812236
-0.865125
-0.865125
-0.812236
-0.865125
-0.812236
0.235212
-0.812236
-0.865125
0.556628
0.536552
-0.706494
-0.865125
0.562984
-0.654886
-0.865125
0.692486
0.723356
-0.126978
0.337040
0.296384
0.296384
-0.865125
0.266870
0.514842
0.514842
-0.759106
-0.812236
0.323940
-0.225308
-0.865125
-0.865125
-0.706494
-0.759106
-0.916513
0.695842
0.266870
-0.865125
-0.865125
0.145208
-0.377300
-0.336898
-0.096868
-0.260954
-0.706494
-0.463152
-0.706494
-0.555800
-0.654886
-0.654886
-0.508634
-0.604590
-0.555800
-0.604590
0.385362
-0.706494
-0.759106
-0.759106
-0.419374
-0.812236
-0.604590
-0.604590
-0.706494
-0.759106
-0.336898
-0.463152
-0.759106
-0.759106
-0.759106
-0.654886
-0.604590
-0.812236
-0.759106
-0.759106
-0.759106
-0.555800
-0.463152
-0.555800
-0.377300
-0.555800
-0.126978
-0.604590
-0.508634
-0.260954
-0.336898
-0.377300
-0.419374
0.082440
-0.419374
-0.013716
0.218512
0.082440
-0.377300
-0.419374
-0.158382
-0.419374
0.082440
-0.419374
-0.040294
-0.463152
-0.336898
-0.419374
0.164574
-0.419374
-0.377300
-0.336898
0.082440
0.183224
0.164574
0.164574
0.164574
0.969966
0.784308
-0.158382
-0.706494
-0.604590
-0.555800
-0.463152
0.937730
0.145208
-0.916513
-0.964028
-0.706494
-0.916513
-0.654886
-0.419374
0.962686
-0.964028
-1.000000
-1.000000
-1.000000
-0.964028
0.514842
0.266870
0.456686
0.125090
0.323940
-0.067994
0.543418
-0.067994
0.758292
-0.126978
0.507210
0.145208
0.598008
-0.040294
0.522272
0.883904
0.296384
0.281882
0.938046
0.581136
0.749140
0.818462
0.427956
0.529506
0.663106
0.437818
0.650784
0.543418
0.082440
0.514842
0.183224
0.608608
-0.013716
0.491304
0.670902
0.183224
0.507210
0.550106
0.618728
0.104180
0.623618
0.623618
0.183224
-0.013716
0.164574
0.623618
0.586894
0.642122
0.385362
0.603370
-0.013716
0.762648
0.603370
0.183224
0.646500
0.562984
0.218512
0.646500
0.689064
0.145208
0.104180
0.663106
0.536552
0.893352
0.618728
0.628400
0.201192
0.714690
0.720520
0.659084
0.529506
0.774916
0.623618
0.447390
0.218512
0.514842
0.385362
0.598008
0.266870
0.218512
0.373858
0.654978
0.201192
0.768926
0.281882
0.575234
0.811022
0.603370
0.674682
0.637648
0.373858
0.266870
0.908672
0.598008
0.125090
0.235212
0.598008
0.811022
0.562984
-0.096868
0.465714
0.874244
0.082440
0.082440
0.628400
0.550106
0.586894
0.899228
0.323940
0.569186
0.562984
0.164574
0.556628
0.618728
0.145208
0.575234
0.562984
0.201192
0.575234
0.235212
0.906620
0.201192
0.873548
0.396510
0.828582
0.685576
0.909002
0.104180
0.834408
0.929598
0.823650
0.417792
0.642122
0.059826
0.848984
0.251322
0.281882
0.876956
0.082440
-0.260954
0.598008
0.104180
0.743476
-0.067994
0.734210
0.888330
0.183224
0.281882
0.760488
0.682016
0.880204
0.678386
0.628400
0.562984
0.685576
0.895188
0.529506
0.575234
0.915870
-0.604590
0.522272
0.863048
-0.916513
0.373858
0.164574
-0.964028
-0.964028
-0.916513
-0.964028
-0.964028
-0.964028
-0.964028
-0.964028
-0.964028
0.999950
-0.865125
0.183224
0.145208
-0.419374
-0.759106
-0.759106
-0.759106
0.011796
0.499366
0.942176
0.164574
0.296384
0.592518
0.581136
0.618728
0.799114
-0.706494
-1.000000
-0.706494
-0.916513
-1.000000
-0.706494
-0.759106
-1.000000
-0.604590
-0.604590
-0.377300
-0.654886
-1.000000
-0.759106
-0.706494
0.427956
0.514842
-0.158382
-0.604590
0.555508
-0.555800
-0.463152
-0.604590
-0.654886
0.465714
0.689064
-0.158382
0.646500
-0.759106
-0.812236
-0.759106
-0.604590
-0.654886
-0.419374
0.908220
0.483014
0.536552
0.417792
0.499366
-0.706494
-0.706494
-0.654886
-0.604590
-0.812236
-0.706494
-0.377300
-0.759106
-0.654886
-0.604590
-0.759106
-0.812236
-0.759106
-0.298132
0.361982
0.829776
-0.336898
0.218512
-0.336898
-0.260954
0.349714
-0.096868
0.036294
-0.463152
-0.126978
-0.463152
0.692486
0.734210
0.846826
0.536552
0.337040
0.456686
-0.604590
0.949080
0.456686
-0.508634
-0.377300
-0.225308
-0.158382
-0.040294
0.011796
-0.067994
-0.336898
-0.096868
-0.336898
-0.191138
-0.419374
-0.508634
-0.508634
-0.508634
-0.555800
-0.463152
-0.508634
-0.336898
-0.377300
-0.298132
-0.419374
-0.555800
-0.604590
-0.555800
-0.555800
-0.654886
-0.377300
-0.013716
-0.812236
0.872846
0.887404
0.848984
0.951838
0.888530
0.882080
0.954858
-0.964028
-0.964028
-1.000000
-1.000000
-0.964028
0.522272
0.529506
0.550106
0.997366
-1.000000
-0.126978
0.218512
-0.964028
-0.260954
0.874932
0.950612
0.878924
0.875614
0.969162
0.939878
0.858058
0.902394
0.839892
0.912374
0.789616
0.838822
0.838822
0.847044
0.886834
0.878274
0.851812
0.861420
0.373858
0.491304
-0.067994
0.907024
0.880204
0.944062
0.948662
0.952038
0.887970
0.882694
0.678386
0.865060
0.886586
-0.964028
-0.964028
-0.964028
-0.964028
-0.964028
-0.158382
0.914502
-0.604590
-0.654886
-0.706494
-0.654886
-0.706494
-0.964028
-0.759106
-0.865125
-0.555800
-0.377300
-0.706494
-0.865125
-0.759106
-0.865125
-0.759106
-0.706494
-0.604590
-0.865125
-0.865125
-0.419374
-0.759106
-0.759106
-0.508634
-0.865125
-0.865125
-0.759106
-0.812236
-0.508634
-0.604590
-0.555800
-0.604590
-0.865125
-0.419374
-0.865125
-0.508634
-0.759106
-0.865125
-0.865125
-0.812236
-0.812236
-0.865125
-0.463152
-0.812236
-0.865125
-0.865125
-0.812236
-0.865125
-0.812236
-0.865125
-0.865125
-0.555800
-0.812236
-0.759106
-0.759106
-0.812236
-0.812236
-0.812236
-0.865125
-0.865125
-0.812236
-0.759106
-0.759106
-0.812236
-0.604590
-0.654886
-0.759106
-0.812236
-0.865125
-0.865125
-0.865125
-0.812236
-0.812236
-0.812236
-0.865125
-0.865125
-0.865125
-0.812236
-0.812236
-0.812236
-0.865125
-0.865125
-0.865125
-0.812236
-0.865125
-0.865125
-0.604590
-0.759106
-0.706494
-0.706494
-0.706494
-0.706494
-0.706494
-0.759106
-0.654886
-0.706494
-0.812236
-0.759106
-0.654886
-0.706494
-0.706494
-0.604590
-0.812236
-0.555800
-0.706494
-0.812236
-0.706494
-0.706494
-0.654886
-0.013716
-0.759106
-0.706494
-0.706494
-0.604590
-0.759106
-0.555800
-0.759106
0.235212
-0.759106
-0.865125
-0.865125
-0.865125
-0.654886
-0.706494
-0.812236
0.385362
-0.706494
-0.706494
-0.706494
-0.812236
-0.865125
-0.812236
0.036294
-0.812236
-0.759106
0.296384
-0.812236
-0.812236
-0.706494
-0.654886
-0.812236
-0.865125
-0.812236
-0.812236
-0.812236
-0.865125
-0.812236
-0.865125
-0.812236
-0.759106
-0.865125
-0.812236
-0.865125
-0.812236
-0.865125
-0.812236
-0.865125
-0.865125
-0.865125
-0.759106
-0.812236
-0.812236
-0.812236
-0.812236
-0.865125
-0.964028
-0.812236
-0.706494
-0.812236
-0.865125
-0.040294
-0.812236
-0.865125
-0.812236
-0.865125
-0.812236
-0.812236
-0.865125
0.235212
-0.812236
-0.865125
0.556628
0.536552
-0.706494
0.562984
-0.865125
-0.654886
-0.865125
0.723356
0.692486
-0.126978
0.337040
0.296384
0.296384
-0.865125
0.266870
0.514842
-0.759106
0.514842
-0.812236
0.323940
-0.865125
-0.225308
-0.865125
-0.706494
-0.759106
-0.916513
0.695842
0.266870
-0.865125
-0.865125
0.145208
-0.377300
-0.336898
-0.096868
-0.260954
-0.706494
-0.463152
-0.706494
-0.555800
-0.654886
-0.654886
-0.508634
-0.604590
-0.555800
-0.604590
0.385362
-0.604590
-0.706494
-0.759106
-0.759106
-0.419374
-0.812236
-0.604590
-0.604590
-0.706494
-0.759106
-0.759106
-0.812236
-0.759106
-0.654886
-0.865125
-0.865125
-0.865125
-0.865125
-0.865125
-0.865125
-0.865125
-0.865125
-0.865125
-0.508634
-0.865125
-0.865125
-0.865125
-0.865125
-0.865125
-0.865125
-0.706494
-0.812236
-0.812236
-0.865125
-0.865125
-0.865125
-0.865125
-0.865125
-0.865125
-0.865125
-0.865125
-0.865125
-0.865125
-0.865125
-0.191138
-0.865125
-0.865125
-0.865125
-0.865125
-0.706494
-0.419374
-0.377300
-0.759106
-0.654886
-0.865125
-0.377300
-0.865125
-0.865125
-0.759106
-0.191138
-0.759106
-0.865125
-0.812236
-0.865125
-0.377300
-0.706494
-0.706494
-0.759106
-0.336898
-0.654886
-0.759106
-0.706494
-0.463152
-0.759106
-0.865125
-0.706494
-0.759106
-0.812236
-0.508634
-0.336898
-0.759106
0.940468
0.817122
0.893352
0.581136
-0.812236
-0.865125
0.955640
0.522272
0.623618
0.575234
0.654978
0.536552
0.637648
-0.260954
0.011796
-0.463152
0.581136
-0.377300
-0.555800
0.465714
-0.336898
-0.463152
-0.759106
-0.759106
-0.759106
-0.654886
-0.604590
-0.812236
-0.759106
-0.759106
-0.759106
-0.555800
-0.463152
-0.555800
-0.377300
-0.555800
-0.126978
-0.604590
-0.508634
-0.260954
-0.336898
-0.377300
-0.419374
0.082440
-0.419374
-0.013716
0.218512
0.082440
-0.377300
-0.419374
-0.158382
-0.419374
0.082440
-0.419374
-0.040294
-0.463152
-0.336898
-0.419374
0.164574
-0.419374
-0.336898
-0.377300
0.082440
0.183224
0.164574
0.164574
0.164574
0.834408
0.928912
0.926868
0.918806
-0.013716
-0.604590
0.885092
0.880204
0.876956
0.924160
0.911276
0.901508
0.908220
0.896852
0.956666
0.960444
0.960790
0.907024
0.928412
0.904550
0.906620
0.899228
0.896852
0.899692
0.889084
0.830956
0.815764
0.878924
0.890720
0.897814
0.916228
0.741866
0.723356
0.702364
0.711694
0.689064
0.789616
0.756060
0.756060
0.789616
0.741866
0.784308
0.847044
0.746756
0.855440
0.869230
0.739358
0.774916
0.720520
0.437818
0.952626
0.218512
0.832120
-0.812236
-0.463152
-0.555800
-0.508634
-0.555800
-0.336898
0.901508
0.902394
0.814388
0.791334
0.746756
0.529506
0.989464
-0.964028
0.710078
0.824908
0.901954
0.814388
0.802692
0.870698
0.637648
0.705532
0.642122
0.586894
0.741866
0.889084
0.296384
0.674682
0.011796
0.670902
0.758292
0.728880
0.786104
0.674682
0.646500
0.746756
0.608608
0.623618
0.744332
0.802692
0.751486
0.782486
0.753792
0.637648
0.667044
0.741866
0.753792
0.637648
0.702364
0.711694
0.728880
0.728880
0.934038
0.650784
0.667044
0.036294
0.723356
0.705532
0.682016
0.678386
0.689064
0.872232
0.699134
0.723356
0.766866
0.714690
0.760488
0.654978
0.797962
0.787872
0.678386
0.717632
0.689064
0.695842
0.642122
0.728880
0.746756
0.711694
0.734210
0.912886
0.731568
0.650784
0.762648
0.708642
0.728880
0.714690
0.720520
0.739358
0.296384
0.608608
0.708642
0.637648
0.637648
0.764774
0.613726
0.646500
0.678386
0.720520
0.728880
0.717632
0.756060
0.678386
0.784308
0.623618
0.674682
0.726142
0.682016
0.407314
0.575234
0.692486
0.723356
0.762648
0.741866
0.749140
0.746756
0.682016
0.874932
0.654978
0.744332
0.670902
0.689064
0.603370
0.678386
0.667044
0.659084
0.756060
0.778758
0.736806
0.780636
0.746756
0.807228
0.711694
0.628400
0.659084
0.637648
0.692486
0.778758
0.758292
0.731568
0.728880
0.708642
0.720520
0.760488
0.674682
0.633074
0.741866
0.999470
0.943534
0.940468
0.968126
0.811582
0.935740
0.858058
0.762648
0.847044
0.848020
0.869968
0.787872
0.854548
0.835532
0.841996
0.873548
0.830956
0.829776
0.861420
0.950612
0.810150
0.876956
0.778758
0.699134
0.744332
0.768926
0.744332
0.692486
0.782486
0.731568
0.753792
0.804224
0.776852
0.770954
0.760488
0.832120
-1.000000
-0.706494
-0.916513
0.125090
0.281882
0.349714
0.791334
0.783028
0.887502
-0.096868
-0.158382
-0.463152
-0.013716
-0.555800
0.104180
-0.555800
0.201192
0.164574
0.011796
-0.067994
-0.096868
-0.096868
-0.067994
-0.096868
0.499366
0.104180
-0.260954
-0.298132
-0.555800
-0.463152
-0.191138
-0.225308
-0.298132
-0.126978
-0.225308
-0.126978
-0.013716
0.361982
-0.040294
0.082440
-0.013716
-0.096868
0.082440
-0.096868
0.750864
0.218512
0.059826
-0.067994
0.925722
-0.126978
0.562984
-1.000000
-0.191138
-0.865125
-1.000000
-0.812236
-0.916513
-1.000000
-0.964028
-0.964028
-0.865125
-0.916513
-0.865125
-0.377300
-0.260954
-0.916513
-0.964028
-0.964028
-0.964028
-0.964028
-0.964028
-0.964028
-0.964028
-0.964028
-0.964028
-0.964028
-0.964028
-0.964028
-0.964028
-0.964028
-0.964028
-0.916513
-0.964028
-0.916513
0.862238
-0.916513
0.310396
0.218512
-0.555800
0.407314
0.427956
0.396510
0.507210
0.465714
0.608608
0.483014
0.465714
0.447390
0.349714
0.323940
0.618728
0.437818
0.499366
0.474486
-0.126978
0.569186
-1.000000
-1.000000
0.814388
0.373858
0.310396
0.235212
0.744332
0.608608
0.613726
0.821090
0.872232
0.659084
0.659084
0.670902
0.633074
0.598008
0.603370
0.646500
0.835532
0.753792
0.736806
0.642122
0.663106
0.770954
0.692486
0.807228
0.797962
0.793026
0.838822
0.843030
0.857194
0.801136
0.860592
0.898760
0.804224
0.887404
0.930140
0.849938
0.797962
0.782486
0.867732
0.772950
0.834408
0.814388
0.828582
0.879568
0.846058
0.844050
0.885678
0.811582
0.915870
0.869230
0.974094
0.883758
-1.000000
-1.000000
-0.865125
-1.000000
-1.000000
-1.000000
-1.000000
-1.000000
-1.000000
-1.000000
-1.000000
-1.000000
-1.000000
0.618728
0.396510
0.791334
0.674682
0.569186
0.723368
0.642122
0.851812
-0.298132
-0.298132
-0.419374
0.815450
0.640336
-0.812236
-0.298132
0.361982
-0.812236
-0.812236
-0.759106
0.893752
0.750864
0.710078
0.771044
-0.377300
0.757910
-0.916513
0.592518
-0.260954
0.036294
-0.508634
0.589142
0.036294
-0.158382
0.893752
0.788626
0.036294
-0.067994
-0.067994
0.125090
0.337040
-0.126978
0.608608
0.235212
-0.126978
0.036294
-0.158382
0.164574
0.634152
0.011796
0.310396
-0.067994
-0.225308
-0.067994
-0.298132
0.417792
-0.336898
-0.260954
-0.865125
-0.865125
-0.812236
-0.812236
-0.759106
-0.654886
-0.812236
0.183224
0.705532
0.829776
0.845060
0.830956
0.819784
0.810150
0.826148
0.824908
0.996316
0.851812
0.857194
-0.225308
0.990122
0.998094
0.407314
-0.336898
-0.225308
-0.260954
-0.916513
-0.916513
-0.336898
-0.916513
0.823126
-0.916513
-0.812236
-0.916513
-0.916513
-0.916513
-0.916513
-0.916513
-0.916513
0.823126
-0.377300
-0.916513
-0.604590
-0.604590
-0.555800
0.995220
-0.759106
0.984104
0.994330
0.782486
0.642122
0.183224
0.767874
0.592518
0.529506
0.373858
0.323940
0.349714
0.323940
0.373858
0.603370
0.562984
0.950860
0.514842
0.337040
0.281882
0.310396
0.427956
0.373858
0.373858
0.556628
0.235212
0.251322
0.296384
0.845060
0.791334
0.834408
0.843030
0.437818
-0.377300
0.988850
0.576612
-0.336898
-0.298132
-0.916513
-0.604590
-0.706494
-0.706494
-0.604590
-0.013716
0.734210
0.875614
0.892314
0.774916
0.011796
0.998682
-0.706494
0.889634
0.966980
0.784308
0.965390
0.296384
0.465714
0.831488
0.642122
0.251322
0.385362
-0.916513
-0.865125
-0.964028
-0.865125
-0.865125
0.361982
0.361982
0.407314
0.164574
0.417792
0.125090
0.437818
0.251322
0.323940
0.201192
0.251322
0.183224
0.959244
0.943268
0.975530
0.183224
0.164574
-0.096868
-0.126978
0.890224
0.323940
0.235212
0.736806
0.993732
0.799560
0.036294
0.266870
-0.013716
0.499366
0.036294
0.474486
-0.158382
0.821090
-0.706494
0.349714
0.218512
-0.604590
-0.508634
-0.706494
-0.067994
-0.812236
-0.298132
-0.706494
-0.706494
-0.654886
-0.706494
-0.759106
0.059826
-0.654886
-0.463152
-0.463152
-0.260954
-0.812236
-0.706494
-0.706494
0.266870
0.059826
-0.865125
-0.298132
-0.759106
-0.508634
-0.812236
-0.654886
-0.759106
-0.654886
-0.706494
-0.706494
-0.419374
-0.759106
-0.013716
-0.812236
-0.604590
-0.759106
-0.812236
-0.865125
-0.706494
-0.706494
-0.604590
-0.812236
-0.916513
-0.377300
-0.812236
-0.158382
-0.377300
-0.759106
-0.865125
-0.812236
-0.865125
-0.812236
-0.759106
-0.865125
-0.865125
-0.812236
-0.812236
-0.604590
-0.759106
-0.812236
-0.812236
-0.916513
-0.706494
-0.759106
-0.812236
-0.759106
-0.812236
-0.916513
-0.419374
-0.706494
-0.604590
-0.759106
-0.759106
-0.654886
-0.260954
-0.916513
-0.916513
-0.812236
-0.865125
-0.812236
-0.706494
-0.916513
-0.916513
-0.706494
-0.812236
-0.812236
-0.759106
-0.759106
-0.706494
-0.225308
-0.865125
-0.865125
-0.654886
-0.759106
-0.759106
-0.604590
-0.916513
-0.865125
-0.419374
-0.419374
-0.260954
-0.916513
-0.508634
-0.759106
-0.555800
-0.706494
-0.865125
-0.419374
-0.555800
-0.336898
-0.654886
-0.706494
-0.419374
-0.706494
-0.706494
-0.654886
-0.706494
-0.865125
-0.812236
-0.706494
-0.463152
-0.706494
-0.706494
-0.812236
-0.225308
-0.336898
-0.377300
-0.654886
-0.759106
-0.759106
-0.812236
-0.812236
-0.865125
-0.706494
-0.604590
-0.336898
-0.508634
0.082440
-0.555800
-0.654886
-0.604590
0.310396
-0.706494
-0.298132
-0.604590
-0.067994
-0.463152
0.036294
-0.654886
-0.463152
0.543418
-0.260954
-0.013716
0.104180
-0.260954
-0.336898
-0.419374
-0.096868
-0.419374
0.491304
-0.377300
-0.040294
-0.555800
-0.508634
-0.654886
-0.463152
0.164574
-0.812236
-0.654886
-0.706494
-0.865125
-0.654886
-0.604590
-0.508634
-0.555800
-0.508634
-0.225308
-0.508634
-0.654886
-0.336898
-0.298132
-0.463152
-0.706494
-0.654886
-0.508634
-0.419374
-0.158382
-0.759106
-0.508634
-0.191138
-0.759106
-0.654886
-0.706494
-0.654886
-0.191138
-0.463152
-0.812236
-0.706494
-0.654886
-0.508634
-0.604590
-0.706494
-0.377300
-0.158382
-0.759106
-0.260954
-0.812236
-0.377300
-0.759106
-0.706494
-0.260954
-0.298132
-0.555800
-0.336898
-0.555800
-0.654886
-0.654886
-0.604590
-0.555800
-0.191138
-0.759106
-0.419374
0.145208
-0.126978
0.427956
0.281882
0.011796
-0.067994
-0.706494
-0.555800
-0.377300
-0.759106
-0.865125
-0.865125
-0.865125
-0.812236
-0.916513
-0.555800
-0.964028
-0.604590
-0.759106
-0.508634
-0.298132
-0.759106
-0.508634
-0.812236
0.125090
-0.508634
-0.916513
-0.916513
-0.260954
0.251322
0.310396
0.201192
0.465714
-0.508634
-0.419374
-0.604590
-0.377300
-0.419374
-0.654886
0.059826
0.670902
0.749140
0.125090
-0.463152
-0.377300
-0.377300
-0.419374
0.447390
-0.508634
0.164574
-0.298132
-0.555800
-0.654886
0.266870
0.281882
-0.040294
0.125090
-0.298132
-0.096868
-0.463152
0.407314
-0.604590
-0.654886
-0.604590
-0.555800
0.059826
0.550106
-0.759106
0.145208
0.581136
-0.126978
0.310396
0.483014
-0.336898
-0.604590
-0.013716
-0.040294
-0.463152
-0.508634
-0.555800
-0.759106
-0.604590
-0.336898
0.125090
-0.126978
0.036294
0.618728
0.082440
-0.225308
-0.377300
-0.336898
-0.377300
-0.067994
-0.706494
-0.419374
-0.377300
-0.158382
-0.463152
-0.191138
-0.096868
-0.555800
-0.225308
-0.225308
-0.654886
-0.067994
-0.604590
-0.654886
-0.706494
-0.706494
-0.964028
-0.604590
-0.865125
-0.865125
-0.916513
-0.604590
-0.865125
-0.812236
-0.508634
-0.865125
0.059826
-0.508634
-0.508634
-0.812236
-0.812236
-0.654886
-0.706494
-0.067994
-0.654886
-0.654886
-0.604590
-0.096868
0.125090
-0.759106
-0.916513
-0.706494
-0.419374
-0.377300
-0.865125
-0.555800
-0.865125
-0.964028
-0.555800
-0.964028
-0.419374
-0.812236
-0.916513
-0.812236
-0.604590
-0.298132
-0.964028
-0.865125
-0.419374
-0.067994
-0.419374
-0.654886
-0.865125
-0.865125
-0.759106
-0.706494
-0.812236
-0.812236
-0.654886
-0.964028
-0.964028
0.104180
0.201192
-0.916513
-0.706494
-0.865125
-0.865125
-0.706494
-0.555800
-0.706494
-0.555800
-0.298132
-0.759106
-0.508634
-0.419374
-0.916513
-0.336898
-0.604590
-0.706494
-0.759106
-0.865125
-0.706494
-0.706494
-0.158382
-0.336898
0.036294
-0.812236
-0.126978
0.281882
-0.604590
-0.706494
-0.040294
-0.759106
-0.096868
-0.336898
-0.654886
-0.096868
-0.812236
-0.865125
-0.419374
-0.225308
0.201192
-0.126978
-0.298132
-0.654886
-0.298132
-0.759106
0.183224
0.218512
0.417792
-0.096868
0.349714
0.603370
-0.419374
-0.298132
-0.377300
-0.377300
-0.067994
0.296384
0.164574
-0.191138
-0.759106
0.183224
0.218512
0.417792
-0.096868
0.349714
0.603370
-0.419374
-0.298132
-0.377300
-0.377300
-0.067994
0.296384
0.164574
-0.191138
-0.604590
0.164574
0.778758
-0.419374
0.218512
0.036294
0.720520
-0.463152
0.633074
-0.377300
0.337040
-0.013716
0.575234
-0.225308
-0.126978
-0.067994
0.059826
-0.336898
0.183224
0.082440
0.281882
0.717632
-0.463152
0.281882
0.082440
-0.377300
0.082440
0.251322
0.598008
-0.298132
0.164574
-0.096868
-0.654886
-0.096868
-0.191138
-0.158382
-0.096868
0.396510
0.011796
-0.377300
0.183224
0.821090
-0.508634
-0.865125
0.104180
-0.298132
-0.126978
-0.377300
-0.555800
0.373858
-0.096868
-0.463152
-0.067994
-0.225308
-0.067994
0.396510
0.337040
-0.126978
0.373858
-0.013716
-0.158382
0.592518
-0.555800
0.385362
-0.096868
0.628400
0.082440
0.417792
0.465714
0.011796
0.581136
0.145208
-0.812236
-0.298132
0.569186
-0.013716
-0.225308
-0.040294
0.608608
0.427956
0.011796
-0.040294
0.396510
0.522272
0.082440
0.522272
0.059826
0.396510
0.562984
0.447390
0.251322
0.581136
0.011796
-0.377300
0.514842
-0.225308
-0.298132
0.427956
-0.040294
-0.040294
0.491304
0.251322
0.266870
-0.040294
0.349714
0.491304
-0.191138
-0.225308
0.310396
-0.013716
0.407314
0.613726
0.201192
-0.260954
-0.225308
0.296384
0.201192
0.323940
0.082440
0.323940
0.456686
-0.604590
-0.555800
0.507210
-0.706494
-0.654886
-0.377300
0.266870
-0.225308
-0.126978
-0.158382
-0.555800
-0.463152
-0.419374
0.396510
-0.555800
0.145208
0.581136
-0.158382
-0.508634
-0.096868
-0.463152
0.670902
0.646500
-0.336898
0.857194
-0.336898
0.125090
-0.191138
0.556628
0.642122
0.623618
-0.126978
0.875614
-0.604590
0.562984
0.646500
-0.298132
-0.336898
-0.419374
-0.260954
-0.298132
-0.225308
0.667044
-0.336898
0.310396
0.385362
0.456686
-0.126978
0.447390
0.483014
0.164574
0.082440
-0.191138
-0.126978
0.323940
0.396510
0.407314
0.310396
-0.067994
-0.377300
-0.067994
-0.158382
-0.191138
-0.336898
0.556628
0.543418
-0.377300
-0.013716
-0.336898
-0.377300
-0.298132
-0.067994
-0.377300
0.011796
0.456686
-0.096868
-0.260954
0.361982
0.281882
-0.013716
-0.126978
-0.604590
0.011796
-0.067994
-0.654886
-0.260954
0.104180
-0.604590
0.310396
0.164574
-0.126978
-0.377300
0.011796
0.337040
-0.067994
0.474486
0.235212
-0.013716
-0.191138
-0.040294
0.491304
-0.191138
0.082440
-0.013716
0.011796
0.465714
-0.096868
0.125090
0.251322
0.011796
0.183224
-0.158382
-0.654886
-0.260954
-0.191138
-0.260954
0.011796
-0.654886
0.218512
-0.126978
0.036294
-0.336898
-0.604590
-0.654886
-0.555800
-0.040294
0.145208
0.011796
-0.067994
-0.377300
0.036294
0.349714
-0.225308
-0.158382
-0.604590
0.183224
0.201192
-0.336898
-0.225308
0.618728
-0.298132
0.082440
0.011796
-0.158382
-0.463152
-0.555800
0.011796
0.036294
-0.336898
0.059826
-0.336898
-0.040294
-0.096868
-0.158382
-0.126978
0.218512
-0.298132
-0.260954
-0.604590
0.266870
0.145208
-0.225308
0.201192
0.082440
-0.191138
0.059826
-0.191138
0.011796
-0.706494
0.337040
-0.040294
0.491304
-0.013716
-0.654886
0.145208
-0.604590
0.059826
-0.096868
-0.298132
-0.419374
-0.225308
-0.759106
-0.298132
0.201192
0.385362
-0.604590
-0.759106
-0.336898
-0.555800
0.036294
0.125090
0.145208
-0.604590
-0.463152
0.266870
-0.812236
-0.812236
-0.654886
-0.225308
-0.377300
-0.463152
0.082440
-0.604590
0.059826
-0.126978
-0.225308
-0.812236
-0.158382
-0.604590
-0.067994
-0.654886
-0.260954
-0.298132
-0.604590
-0.191138
-0.654886
-0.377300
-0.463152
-0.158382
-0.508634
-0.812236
0.266870
-0.555800
0.447390
-0.260954
-0.604590
0.373858
-0.225308
-0.654886
0.465714
-0.126978
-0.298132
-0.419374
-0.126978
-0.191138
-0.759106
-0.377300
-0.759106
-0.158382
-0.463152
-0.604590
-0.654886
-0.419374
-0.759106
0.251322
-0.040294
-0.013716
0.059826
0.507210
-0.555800
0.082440
0.385362
0.396510
-0.040294
-0.604590
-0.377300
-0.040294
-0.508634
-0.298132
-0.225308
0.201192
-0.604590
0.036294
0.164574
0.104180
0.201192
-0.298132
-0.336898
-0.604590
-0.654886
-0.654886
-0.260954
-0.463152
-0.508634
-0.865125
-0.013716
-0.654886
-0.604590
-0.654886
-0.419374
-0.158382
-0.463152
-0.604590
-0.298132
-0.463152
-0.463152
0.235212
-0.706494
-0.654886
0.059826
-0.654886
-0.604590
0.427956
-0.298132
-0.654886
-0.604590
-0.812236
0.474486
-0.812236
-0.759106
-0.225308
-0.508634
-0.654886
-0.759106
-0.604590
-0.298132
-0.865125
-0.298132
-0.508634
-0.336898
-0.377300
-0.508634
-0.225308
-0.706494
-0.096868
-0.419374
-0.067994
-0.096868
0.145208
-0.463152
-0.654886
-0.377300
-0.604590
-0.508634
-0.865125
-0.377300
-0.555800
-0.865125
-0.654886
-0.654886
-0.419374
-0.812236
-0.040294
0.562984
-0.191138
-0.419374
-0.298132
-0.096868
-0.377300
-0.654886
-0.260954
0.201192
-0.463152
-0.336898
-0.555800
-0.419374
0.164574
-0.508634
-0.812236
-0.555800
0.183224
-0.260954
-0.508634
-0.377300
-0.377300
-0.604590
0.474486
0.678386
0.310396
0.082440
-0.158382
0.036294
-0.096868
-0.377300
-0.654886
-0.260954
0.201192
-0.463152
-0.336898
-0.555800
-0.419374
0.164574
-0.508634
-0.812236
-0.555800
0.183224
-0.260954
-0.508634
-0.377300
-0.377300
-0.604590
0.474486
0.678386
0.310396
0.082440
-0.158382
0.036294
0.183224
0.349714
0.642122
0.164574
-0.013716
-0.040294
-0.067994
0.373858
0.310396
-0.298132
0.125090
0.427956
0.059826
0.011796
0.082440
0.323940
-0.260954
-0.067994
-0.377300
0.145208
0.465714
0.689064
-0.377300
-0.126978
0.036294
0.608608
0.678386
-0.067994
0.474486
0.447390
-0.040294
0.581136
0.437818
0.491304
-0.298132
0.036294
-0.126978
0.456686
0.251322
0.125090
0.323940
-0.377300
-0.067994
-0.067994
0.373858
0.483014
0.499366
0.569186
0.373858
0.323940
0.543418
0.164574
-0.336898
0.104180
0.011796
0.361982
0.011796
0.499366
-0.067994
-0.126978
0.218512
0.417792
-0.158382
0.447390
0.650784
-0.298132
0.036294
0.562984
0.310396
0.310396
0.281882
0.082440
-0.419374
0.183224
0.201192
-0.298132
0.059826
0.407314
0.465714
0.556628
-0.298132
-0.096868
0.183224
0.337040
0.456686
0.235212
0.201192
0.323940
-0.040294
0.499366
0.581136
0.036294
0.218512
0.145208
-0.377300
-0.463152
0.628400
0.104180
-0.377300
0.036294
0.529506
0.164574
-0.759106
0.349714
0.575234
-0.555800
-0.555800
-0.191138
-0.040294
-0.865125
-0.040294
-0.336898
-0.336898
-0.555800
0.281882
-0.191138
-0.555800
-0.336898
-0.812236
-0.812236
-0.555800
-0.508634
0.296384
-0.706494
0.266870
0.437818
0.104180
-0.225308
0.251322
0.235212
0.491304
0.251322
0.385362
-0.260954
-0.706494
0.235212
-0.812236
-0.865125
-0.812236
-0.759106
-0.419374
0.218512
0.337040
-0.812236
0.104180
-0.759106
0.266870
-0.604590
-0.812236
0.011796
-0.508634
0.082440
-0.260954
-0.916513
-0.604590
0.310396
0.296384
0.349714
-0.336898
0.417792
-0.916513
-0.812236
-0.463152
-0.759106
0.281882
-0.555800
0.235212
0.427956
-0.916513
0.145208
-0.508634
0.373858
-0.419374
0.373858
-0.298132
-0.508634
-0.555800
-0.654886
-0.463152
-0.555800
-0.508634
-0.759106
0.036294
-0.419374
-0.916513
-0.759106
-0.759106
-0.604590
-0.812236
-0.604590
-0.508634
-0.463152
-0.916513
-0.865125
-0.654886
-0.067994
-0.604590
-0.260954
-0.812236
-0.336898
-0.040294
-0.463152
-0.508634
-0.759106
-0.654886
-0.419374
-0.654886
-0.298132
-0.225308
-0.419374
-0.463152
-0.706494
-0.604590
-0.604590
-0.419374
-0.555800
-0.126978
-0.654886
-0.336898
-0.654886
-0.298132
-0.463152
-0.706494
-0.419374
-0.096868
0.999834
-0.555800
-0.604590
-0.463152
-0.654886
-0.654886
-0.812236
-0.158382
-0.419374
-0.812236
-0.508634
0.036294
-0.463152
-0.508634
-0.759106
-0.508634
-0.916513
-0.463152
-0.865125
-0.759106
-0.916513
-0.812236
-0.555800
-0.604590
-0.812236
-0.298132
-0.706494
-0.377300
-0.191138
-0.463152
-0.759106
-0.654886
-0.336898
-0.555800
0.281882
-0.463152
-0.604590
-0.096868
-0.377300
-0.260954
-0.463152
-0.126978
-0.225308
-0.126978
-0.096868
-0.225308
-0.508634
-0.706494
-0.508634
0.491304
-0.604590
-0.706494
-0.463152
-0.067994
-0.604590
-0.508634
-0.508634
-0.126978
-0.654886
-0.654886
-0.463152
-0.654886
-0.377300
-0.706494
-0.419374
-0.812236
-0.298132
-0.654886
-0.336898
-0.916513
-0.759106
-0.604590
-0.654886
-0.604590
-0.865125
-0.812236
-0.865125
-0.555800
-0.654886
-0.463152
-0.916513
-0.604590
-0.419374
-0.013716
-0.654886
-0.812236
-0.865125
-0.336898
-0.759106
-0.916513
-0.865125
-0.555800
-0.759106
-0.654886
-0.377300
-0.916513
-0.759106
-0.706494
-0.759106
-0.126978
-0.812236
-0.706494
-0.654886
-0.759106
-0.654886
-0.555800
-0.419374
-0.508634
-0.377300
-0.225308
-0.706494
-0.604590
-0.812236
-0.555800
-0.654886
-0.812236
-0.812236
-0.377300
-0.463152
-0.225308
-0.419374
0.474486
0.491304
0.417792
0.036294
-0.013716
0.235212
-0.067994
0.349714
0.491304
0.251322
0.349714
0.361982
-0.096868
-0.260954
-0.067994
0.164574
-0.225308
-0.260954
0.251322
0.082440
-0.260954
-0.126978
-0.126978
-0.158382
-0.040294
-0.191138
-0.013716
0.296384
0.201192
-0.298132
0.543418
-0.377300
-0.191138
-0.158382
-0.260954
0.310396
-0.260954
-0.191138
0.036294
0.266870
-0.013716
-0.126978
-0.377300
-0.158382
0.011796
0.082440
0.011796
-0.419374
-0.126978
0.059826
-0.040294
-0.126978
0.201192
-0.096868
0.036294
-0.096868
0.361982
-0.604590
-0.040294
-0.260954
-0.463152
0.125090
-0.654886
0.281882
-0.706494
-0.191138
-0.759106
-0.126978
-0.706494
-0.191138
0.125090
-0.336898
0.447390
0.550106
0.407314
0.731568
0.929200
0.770954
0.562984
0.812994
0.646500
0.581136
0.819784
0.654978
0.674682
0.695842
0.720520
0.814388
0.562984
0.974546
0.623618
0.999108
0.323940
0.036294
0.201192
0.183224
0.125090
0.183224
0.145208
0.183224
0.104180
0.218512
0.164574
-0.040294
0.082440
0.164574
0.036294
-0.336898
-0.096868
-0.191138
-0.067994
0.082440
-0.096868
-0.225308
-0.126978
-0.377300
-0.419374
0.059826
-0.040294
-0.040294
-0.096868
-0.013716
-0.126978
-0.013716
0.036294
0.036294
-0.040294
-0.126978
-0.126978
-0.126978
-0.067994
-0.191138
-0.126978
-0.158382
-0.158382
-0.126978
-0.126978
-0.126978
-0.191138
-0.336898
-0.158382
-0.158382
-0.191138
-0.298132
-0.126978
-0.126978
-0.191138
-0.260954
-0.260954
-0.126978
-0.260954
-0.126978
-0.158382
-0.158382
-0.067994
-0.260954
-0.225308
-0.225308
-0.096868
-0.260954
-0.096868
-0.096868
-0.191138
-0.260954
-0.067994
-0.126978
-0.096868
-0.191138
-0.260954
-0.191138
-0.225308
-0.225308
-0.260954
-0.191138
-0.419374
-0.654886
-0.225308
-0.158382
-0.126978
-0.260954
-0.225308
-0.126978
-0.191138
-0.158382
-0.298132
-0.260954
-0.191138
-0.260954
-0.260954
-0.298132
-0.067994
-0.225308
-0.260954
-0.260954
-0.225308
-0.191138
-0.191138
-0.336898
-0.298132
-0.298132
-0.377300
-0.298132
-0.298132
-0.298132
-0.336898
-0.298132
-0.336898
-0.158382
-0.260954
-0.336898
-0.336898
-0.336898
-0.336898
-0.377300
-0.336898
-0.298132
-0.298132
-0.377300
-0.336898
-0.336898
-0.377300
-0.336898
-0.013716
-0.013716
-0.067994
-0.040294
-0.463152
-0.336898
-0.260954
-0.260954
-0.298132
-0.377300
-0.260954
-0.225308
-0.260954
-0.336898
-0.336898
-0.298132
-0.336898
-0.419374
-0.158382
-0.096868
-0.191138
-0.096868
-0.191138
-0.225308
-0.096868
-0.225308
-0.706494
-0.654886
-0.759106
-0.706494
-0.706494
-0.706494
-0.759106
-0.126978
-0.706494
-0.604590
-0.260954
-0.191138
-0.260954
-0.260954
-0.067994
-0.419374
-0.225308
0.036294
-0.040294
0.011796
0.082440
-0.013716
-0.096868
0.104180
0.059826
0.036294
-0.096868
0.183224
0.125090
0.349714
0.437818
0.437818
0.465714
0.281882
0.417792
0.465714
0.373858
0.447390
0.427956
0.417792
0.507210
0.483014
0.465714
0.427956
0.456686
0.447390
0.499366
0.507210
0.427956
0.499366
-0.096868
0.465714
0.447390
0.427956
0.491304
0.465714
0.859756
0.926074
-0.654886
-0.225308
-0.191138
0.235212
0.104180
0.266870
-1.000000
-1.000000
-1.000000
-1.000000
-0.158382
-0.067994
-0.126978
-0.040294
-0.419374
-0.377300
-0.419374
-0.377300
-0.377300
-0.336898
-0.336898
-0.419374
-0.225308
-0.377300
-0.377300
-0.336898
-0.336898
-0.419374
-0.225308
0.924716
0.904970
0.927904
0.911276
0.915532
0.930140
0.902394
0.890720
0.891256
0.889634
0.886834
0.890720
0.897336
0.901954
0.895874
0.897336
0.886834
0.887404
0.888530
0.887404
0.886258
-0.508634
-0.555800
-0.463152
-0.463152
-0.419374
-0.419374
0.891786
0.894374
0.892834
0.903266
0.884500
0.908612
-0.463152
-0.654886
-0.604590
-0.336898
0.997816
-0.916513
-0.096868
-0.040294
0.499366
0.296384
0.281882
0.652382
-0.096868
-0.067994
-0.158382
0.011796
0.036294
0.281882
0.310396
0.104180
-0.126978
-0.260954
0.104180
0.036294
-0.419374
-0.158382
-0.706494
-0.706494
-0.706494
-0.604590
-0.604590
-0.654886
-0.654886
-0.555800
-0.706494
-0.654886
-0.654886
-0.654886
-0.336898
-0.654886
-0.604590
0.680424
0.361982
0.125090
0.587124
-0.463152
-0.419374
-0.604590
-0.191138
-0.419374
0.587124
-0.604590
-0.706494
-0.555800
-0.013716
0.646414
0.201192
0.589142
-0.067994
0.082440
0.011796
-0.706494
0.011796
-0.654886
0.427956
-0.463152
-0.706494
-0.654886
-0.604590
0.552726
-0.013716
0.059826
-0.812236
-0.377300
-0.463152
0.570462
-0.463152
-0.706494
0.011796
-0.508634
-0.604590
-0.463152
0.555508
-0.555800
0.104180
0.611154
0.036294
-0.463152
-0.508634
-0.419374
-0.812236
-0.555800
-0.604590
-0.508634
-0.654886
-0.298132
-0.463152
-0.067994
-0.964028
-0.812236
-0.812236
-0.759106
-0.336898
-0.604590
-0.916513
-0.865125
0.912012
0.986740
0.872138
-0.013716
0.749140
0.848020
0.999972
0.949328
0.699134
0.642122
0.603370
0.932932
0.847044
0.943520
0.906212
0.947678
0.946052
0.935948
0.904550
0.896852
0.932254
0.874244
0.865426
0.840950
0.780132
-0.260954
-0.812236
0.164574
0.164574
0.266870
0.861420
-0.419374
-0.463152
-0.260954
-0.377300
-0.463152
-0.759106
0.675060
0.700662
0.839892
0.782486
0.731568
-0.654886
-0.604590
-0.812236
-0.916513
-0.865125
-0.225308
-0.508634
-0.759106
-0.706494
-0.654886
-0.604590
-0.508634
0.373858
0.711694
0.514842
0.685576
0.536552
0.569186
0.550106
0.349714
0.654978
0.385362
0.337040
0.385362
0.456686
0.575234
0.396510
0.235212
0.145208
0.082440
0.396510
0.337040
0.349714
0.036294
-0.013716
0.145208
0.717632
0.396510
0.310396
0.281882
0.749140
0.602086
-0.013716
-0.096868
0.576612
0.749140
0.183224
0.011796
0.705428
0.751486
0.036294
0.251322
0.650784
0.667044
0.266870
0.750864
-0.096868
0.266870
0.437818
0.251322
-0.096868
0.608608
0.598008
-0.158382
0.036294
0.361982
0.201192
0.361982
0.592518
-0.013716
0.164574
0.437818
0.882080
-0.225308
0.036294
-0.916513
-0.865125
-0.812236
-0.916513
-0.916513
-0.916513
-0.916513
-0.916513
0.994736
-0.555800
-0.298132
-0.126978
-0.555800
-0.096868
-0.508634
-0.555800
-0.706494
-0.759106
-0.067994
0.125090
0.059826
-0.812236
-0.964028
-0.604590
-0.040294
-0.260954
-0.377300
0.427956
0.456686
-0.964028
-0.377300
-0.964028
-0.865125
-1.000000
-0.865125
-1.000000
-1.000000
-0.812236
-0.812236
-0.654886
-1.000000
-0.158382
-0.916513
-1.000000
-0.812236
-0.916513
-0.916513
-0.865125
0.868732
0.628400
0.642122
0.695842
0.849938
0.950198
0.801136
0.396510
-0.812236
0.744332
0.789616
0.720520
0.734210
0.682016
0.764774
0.787872
0.702364
0.841996
0.772950
0.749140
0.824908
0.734210
0.791334
0.891038
0.853646
0.832120
0.811582
0.613726
0.678386
0.900608
0.985766
0.950806
0.936358
0.863048
0.890720
-0.191138
-0.508634
-0.604590
-0.298132
-0.555800
0.310396
0.586894
0.514842
-0.916513
-0.964028
-0.916513
-0.964028
-1.000000
-0.964028
-1.000000
-1.000000
-1.000000
-1.000000
-0.916513
-0.964028
-0.964028
-0.916513
-0.916513
-1.000000
-0.964028
-1.000000
-1.000000
-1.000000
-0.964028
-0.964028
-1.000000
-1.000000
-1.000000
-1.000000
-1.000000
-1.000000
-1.000000
-1.000000
-1.000000
-1.000000
-1.000000
-1.000000
-1.000000
-1.000000
-1.000000
-1.000000
-1.000000
-1.000000
-1.000000
-1.000000
-1.000000
-1.000000
-1.000000
-1.000000
-1.000000
-1.000000
-1.000000
-0.865125
0.266870
0.499366
0.183224
0.650784
0.082440
0.183224
0.456686
0.667044
0.427956
0.581136
0.266870
-0.013716
0.036294
0.251322
0.011796
0.310396
0.104180
-0.040294
-0.013716
-0.040294
0.581136
-0.013716
0.125090
0.373858
-0.013716
0.201192
0.082440
0.036294
0.011796
0.361982
-0.067994
-0.096868
0.059826
0.323940
0.251322
0.663106
0.831488
0.659084
0.437818
0.708642
0.281882
0.266870
0.407314
-0.126978
-0.260954
-0.377300
-0.158382
-0.096868
0.465714
-0.013716
0.675060
-0.096868
-0.916513
-0.555800
-0.916513
0.699134
0.491304
0.852878
0.815450
