0.881654
0.276042
0.732462
-0.338220
0.842012
0.684824
0.914140
0.774824
0.693670
0.881654
0.276042
0.732462
-0.338220
0.999930
-0.135482
-0.198892
0.999832
0.999832
0.995652
0.999936
0.999864
0.166222
0.621956
-0.493418
-0.266470
-0.135482
-0.338220
-0.338220
-0.338220
0.241908
-0.413992
-0.493418
-0.493418
-0.575816
-0.493418
-0.493418
-0.413992
-0.575816
-0.493418
-0.493418
-0.413992
-0.493418
-0.493418
-0.493418
-0.493418
-0.493418
-0.493418
-0.575816
-0.493418
-0.493418
-0.493418
-0.575816
-0.413992
-0.493418
-0.413992
-0.493418
-0.493418
-0.493418
0.365778
0.205366
0.996832
-0.964028
-0.964028
-0.964028
0.568138
0.439716
0.166222
0.461452
-0.135482
-0.076140
-0.575816
-0.135482
0.166222
-0.135482
0.519380
0.241908
-0.964028
-0.964028
-0.964028
0.902928
0.031028
-0.413992
-0.660060
-0.266470
-0.660060
-0.413992
0.758102
0.079274
0.031028
0.902392
0.337812
0.999990
-0.413992
-0.901494
-1.000000
-0.964028
0.999244
-0.901494
-0.901494
0.968080
0.913046
0.902084
-0.826199
0.835928
0.079274
0.205366
0.079274
0.031028
0.655670
0.124264
0.307952
0.079274
0.855706
-0.413992
0.568138
-0.198892
0.031028
-0.744402
0.481912
0.914520
0.536552
0.501192
0.568138
-0.135482
-0.135482
0.124264
0.205366
0.582680
0.461452
0.439716
0.946938
-0.660060
-0.660060
-0.493418
-0.660060
-0.660060
-0.660060
-0.413992
-0.744402
-0.660060
-0.660060
-0.413992
-0.744402
-0.744402
-0.660060
-0.493418
-0.413992
-0.744402
0.829450
-0.076140
-0.744402
-0.493418
0.365778
0.839018
0.725360
-0.198892
0.763894
0.710212
0.568138
0.621956
0.877886
0.481912
0.337812
0.307952
0.903718
-0.020704
0.124264
0.241908
-0.660060
-0.744402
-0.744402
-0.744402
0.997994
0.891878
0.568138
0.552784
0.725360
-0.198892
0.989420
0.904710
0.909628
0.337812
0.811290
-0.901494
-0.826199
-0.575816
-0.744402
-0.826199
-0.826199
-0.826199
-0.826199
-0.744402
0.917888
0.774824
0.596464
0.391996
0.552784
-0.964028
0.920244
0.910792
-0.266470
-0.964028
0.920244
0.910792
-0.266470
0.928594
0.894966
0.988584
0.982504
-0.266470
0.917284
-0.266470
0.924804
0.875928
-0.575816
-0.660060
-0.413992
-0.413992
-0.135482
0.337812
0.982786
0.276042
0.644982
0.951956
-0.198892
0.568138
0.964502
-0.198892
-0.338220
0.829450
0.031028
0.166222
0.850472
0.241908
0.307952
-0.901494
-1.000000
0.888636
-0.575816
0.907222
-0.744402
-0.744402
-0.744402
-0.744402
-0.744402
-0.744402
-0.135482
-0.826199
-0.660060
0.950160
-0.660060
-0.413992
-0.493418
0.732462
0.481912
0.241908
0.994944
0.784956
-0.198892
-0.076140
0.124264
0.568138
0.031028
0.999428
-0.198892
0.908032
0.908770
-0.575816
0.990728
0.981234
0.984328
-0.744402
-0.901494
-0.338220
0.276042
0.276042
-0.076140
-0.964028
0.124264
0.079274
0.655670
0.276042
-0.076140
0.079274
0.725360
0.890278
0.896456
0.883466
-0.076140
0.031028
0.031028
0.439716
0.596464
-0.076140
0.536552
0.966414
-0.413992
-0.493418
-0.660060
-0.826199
-0.660060
-0.901494
-0.826199
-0.826199
-0.744402
-0.826199
-0.826199
-0.744402
-0.826199
-0.901494
-0.826199
-0.744402
-0.826199
-0.826199
-0.744402
-0.826199
-0.493418
-0.826199
0.365778
0.031028
-0.076140
-0.135482
-0.575816
-0.020704
-0.198892
-0.076140
-0.135482
-0.493418
-0.493418
-0.413992
-0.198892
-0.135482
-0.413992
-0.020704
0.994790
0.968680
-0.826199
-0.413992
-0.660060
0.869734
0.391996
0.710212
0.675560
0.568138
0.241908
-0.266470
0.031028
0.337812
0.684824
0.732462
-0.076140
0.982190
0.941884
-0.076140
0.982698
-0.198892
-0.135482
0.979408
0.961560
0.867556
0.693670
0.983738
0.931256
0.943396
0.960982
0.966184
0.974722
0.963212
0.987256
0.959158
0.995716
0.980566
0.931998
0.962946
0.986238
0.829450
0.995756
-0.198892
0.913046
0.789746
0.337812
0.784956
0.971056
0.839018
0.952736
0.829450
0.693670
0.975950
0.936840
0.865316
0.942276
0.847736
0.763894
0.959470
0.958840
0.860648
0.875928
0.939506
-0.660060
0.798822
0.995294
-0.744402
0.079274
0.439716
0.391996
0.124264
0.205366
0.166222
-0.266470
0.031028
0.166222
-0.413992
-0.826199
-0.744402
-1.000000
-0.964028
0.875928
0.789746
0.990220
0.980000
0.994376
0.684824
0.596464
0.621956
1.000000
0.966640
-0.413992
-0.413992
-0.413992
0.999154
0.988752
0.987086
0.758102
0.990518
0.973992
0.965480
0.970876
0.794366
0.552784
0.416602
0.276042
0.983470
0.994386
0.835928
0.903780
-0.826199
0.031028
-0.901494
-0.575816
-0.493418
0.337812
0.999976
-0.076140
-0.266470
-0.338220
0.794366
0.710212
-0.964028
-0.826199
-1.000000
-1.000000
0.926508
-0.826199
0.905980
-0.266470
0.964250
0.307952
-0.493418
0.365778
0.307952
0.391996
-0.413992
0.337812
0.996008
-0.575816
-1.000000
-1.000000
-0.826199
-0.135482
-0.901494
-0.135482
-0.076140
0.832740
-0.076140
0.365778
0.079274
-0.198892
0.439716
-0.020704
-0.660060
-0.901494
-0.964028
-0.964028
-0.020704
-0.413992
-0.413992
-0.135482
0.582680
0.675560
-0.493418
0.596464
-1.000000
0.902130
-0.826199
-1.000000
-0.744402
-0.660060
-0.826199
-0.135482
-0.135482
-0.135482
-0.135482
-0.135482
-0.266470
-0.198892
-0.413992
-0.076140
-0.266470
-0.135482
-0.266470
-0.338220
-0.135482
0.276042
-0.135482
-0.135482
-0.198892
-0.135482
-0.198892
-0.198892
-0.135482
-0.076140
-0.338220
-0.493418
0.839018
0.769464
0.939356
0.858212
0.596464
-0.338220
0.789746
0.763894
0.307952
-0.198892
0.166222
0.079274
0.501192
0.501192
-1.000000
0.915210
0.957186
0.888636
0.883466
0.888636
0.923032
0.893440
0.908438
-0.964028
-1.000000
-1.000000
-1.000000
0.964050
-0.198892
0.818916
0.939506
-1.000000
0.439716
0.621956
0.984008
0.970142
0.693670
0.944448
0.031028
0.908770
-0.660060
-0.660060
-0.826199
-0.493418
0.568138
0.552784
0.596464
0.391996
0.633758
0.903718
0.391996
0.416602
0.519380
0.675560
0.798822
0.416602
0.307952
0.391996
0.461452
0.910112
-0.020704
-0.135482
-0.135482
-0.198892
-0.266470
0.552784
-1.000000
-0.964028
-0.826199
-0.901494
-0.901494
-0.964028
0.609540
0.568138
0.519380
0.536552
0.644982
0.996846
0.998470
0.997052
-0.901494
0.818916
0.960034
0.031028
0.739270
0.536552
0.124264
0.675560
-0.575816
0.998776
-0.826199
-0.744402
0.789746
0.031028
0.124264
-0.660060
0.999080
-0.413992
-0.266470
-0.826199
-1.000000
-1.000000
-1.000000
0.124264
-0.198892
-0.266470
-0.413992
-0.266470
-0.338220
-0.493418
-0.493418
-0.964028
-1.000000
-1.000000
-1.000000
-1.000000
-0.964028
-1.000000
-1.000000
-0.826199
0.633758
0.621956
0.779986
0.826052
0.621956
0.815168
0.665852
0.621956
0.774824
0.461452
0.990252
-0.660060
-0.493418
-0.660060
-0.744402
-0.744402
-0.826199
-0.660060
-0.826199
-0.198892
-0.744402
-0.744402
0.869734
0.998070
-1.000000
-1.000000
-1.000000
-1.000000
-1.000000
-1.000000
-1.000000
-1.000000
0.365778
0.957186
0.958518
-0.020704
0.461452
-0.076140
-0.076140
0.416602
0.909058
0.307952
0.461452
0.461452
0.609540
0.976466
0.998196
-0.964028
-0.826199
-0.338220
-0.826199
-0.826199
0.888636
0.879794
0.984650
0.710212
0.997870
0.725360
0.031028
-0.266470
0.989098
-0.135482
0.596464
0.391996
0.621956
0.725360
-0.826199
0.732462
-0.135482
-0.338220
-0.198892
-1.000000
-1.000000
-1.000000
-1.000000
-1.000000
-1.000000
-1.000000
-1.000000
-1.000000
-1.000000
-1.000000
0.365778
-0.266470
-0.338220
-0.826199
-0.744402
-0.826199
-0.660060
-0.744402
-0.826199
-0.660060
-0.744402
-0.826199
-0.744402
-0.575816
-0.493418
-0.338220
-0.660060
-0.826199
-0.575816
-0.338220
-0.660060
-0.826199
-0.660060
-0.744402
-0.744402
-0.744402
-0.413992
-0.575816
-0.744402
-0.575816
0.986626
-0.744402
-0.744402
-0.744402
-0.744402
-0.575816
-0.575816
-0.493418
-0.575816
-0.575816
-0.575816
-0.575816
-0.575816
-0.575816
0.241908
0.902130
-0.493418
0.899334
-0.744402
-0.575816
-0.493418
-0.575816
0.984972
0.899334
0.842012
0.877886
-0.744402
-0.964028
0.439716
-0.660060
-0.135482
0.717950
-0.660060
-0.266470
-0.744402
-0.826199
-0.744402
-0.575816
0.655670
0.935676
0.986640
-0.266470
-0.493418
0.952736
0.993452
0.989020
0.999400
0.241908
0.337812
0.769464
0.752076
0.983004
-0.744402
-0.964028
-1.000000
-1.000000
0.987156
-0.901494
-0.826199
-0.338220
-0.744402
-0.493418
-0.575816
-0.413992
-0.575816
-0.413992
-0.266470
-0.413992
-0.413992
-0.413992
-0.575816
-0.198892
-0.338220
-0.575816
-0.338220
-0.266470
-0.338220
-0.493418
-0.413992
-0.660060
-0.413992
-0.338220
-0.413992
-0.413992
-0.266470
-0.338220
-0.198892
-0.413992
0.999154
0.978892
0.416602
0.949774
0.693670
0.725360
0.877886
0.758102
0.665852
0.745804
0.927584
0.582680
0.568138
0.885232
0.205366
0.826052
0.769464
0.276042
0.439716
-0.198892
-0.266470
-0.964028
-0.964028
0.998556
0.996216
-0.660060
-0.901494
-0.575816
0.976254
0.337812
-0.744402
-0.198892
0.079274
0.963212
0.951502
-0.901494
0.552784
-0.338220
-0.338220
-0.660060
0.921192
0.416602
0.900724
0.481912
0.904710
0.519380
0.907222
0.927336
0.536552
0.307952
-0.660060
-0.020704
0.079274
0.844918
0.784956
0.794366
0.832740
0.803124
0.769464
-0.076140
-0.020704
-0.135482
0.926556
-0.076140
-0.266470
-0.338220
-0.198892
0.752076
0.124264
0.307952
0.031028
0.079274
-0.020704
0.205366
0.337812
0.079274
0.205366
0.031028
0.031028
0.337812
0.124264
0.582680
0.596464
0.166222
0.481912
0.501192
-0.198892
-0.076140
0.205366
-0.135482
-0.135482
-0.020704
0.031028
-0.076140
0.079274
0.241908
0.124264
0.031028
0.031028
0.079274
-0.198892
-0.266470
-0.076140
-0.266470
0.079274
0.416602
-0.575816
0.829450
0.871854
0.732462
0.867556
0.835928
0.897912
0.839018
0.807278
0.896456
0.391996
0.911930
-0.413992
-1.000000
-1.000000
-1.000000
-1.000000
-0.826199
-0.964028
-0.901494
-0.901494
-0.901494
-0.744402
-0.901494
-0.964028
-0.901494
-0.964028
-0.744402
-0.826199
-0.660060
-0.901494
-0.901494
-0.964028
-0.901494
-0.826199
-0.901494
-0.964028
-0.826199
-0.964028
0.501192
0.439716
-0.493418
0.205366
0.732462
-0.076140
0.995930
0.994302
0.988118
0.998806
0.124264
0.985978
-0.413992
-0.266470
-0.575816
-0.266470
-0.266470
-0.198892
-0.266470
0.931256
0.844918
0.811290
-0.826199
-0.660060
0.979204
0.752076
0.963476
0.971408
0.957186
0.988186
-0.901494
0.982190
0.124264
-0.493418
0.609540
0.582680
0.910792
0.621956
-0.076140
-0.076140
-0.135482
-0.135482
0.501192
-0.964028
-1.000000
-1.000000
-0.198892
-0.826199
-0.575816
-0.826199
-0.826199
-0.744402
-0.338220
-0.826199
-0.660060
-0.493418
0.124264
-0.493418
-0.744402
-0.338220
-0.660060
0.951368
0.633758
0.894966
0.536552
-0.660060
-0.198892
0.337812
-0.575816
-0.575816
0.241908
-0.135482
-0.744402
0.124264
-0.744402
0.241908
-0.660060
-0.744402
-0.575816
-0.020704
-0.964028
0.166222
-0.901494
0.166222
0.944854
0.337812
0.858212
-0.198892
0.079274
0.205366
0.763894
0.962524
0.960466
0.960034
0.946256
0.986422
0.968680
0.693670
0.079274
0.307952
0.989474
0.983738
0.552784
0.939960
0.079274
0.702126
0.596464
0.536552
0.079274
-0.020704
-0.076140
-0.135482
-0.020704
0.914756
0.124264
0.501192
0.241908
-0.135482
-0.020704
-0.076140
-0.198892
-0.198892
0.079274
-0.266470
-0.020704
0.031028
0.031028
0.031028
-0.198892
-0.020704
0.031028
-0.964028
-0.964028
-0.964028
-0.964028
-0.964028
-0.964028
-0.964028
-0.901494
-0.964028
-1.000000
-0.964028
-0.964028
0.752076
-0.493418
0.568138
0.961722
-0.493418
-0.198892
-0.493418
-0.493418
0.858212
0.899334
0.942276
0.893440
0.937486
0.835928
0.822544
0.839018
-0.198892
0.079274
-0.135482
-0.076140
-0.198892
-0.076140
0.416602
0.391996
-0.076140
0.949324
0.988198
0.124264
0.931998
0.835928
0.918764
-0.135482
0.481912
-0.338220
-0.575816
-0.413992
0.365778
-0.575816
-0.964028
-0.575816
-0.826199
-0.964028
-0.964028
-0.964028
-0.901494
0.991912
0.999204
0.974022
0.896456
0.829450
0.031028
-0.076140
-0.020704
-0.135482
-0.076140
-0.135482
-0.076140
-0.020704
-0.020704
0.124264
0.966640
0.914140
0.166222
0.166222
0.124264
-0.076140
-0.198892
-0.076140
0.995592
0.655670
0.710212
0.717950
0.481912
0.461452
0.307952
0.665852
0.965718
0.365778
-1.000000
-0.826199
-0.964028
-0.964028
0.996132
-0.826199
-0.901494
-0.575816
-0.413992
0.763894
0.869734
0.717950
0.675560
0.633758
0.702126
0.850472
0.732462
0.552784
0.885232
0.835928
0.241908
0.998468
0.964750
0.973992
0.739270
0.784956
0.769464
-0.493418
-0.575816
-0.575816
-0.493418
-0.575816
-0.744402
-0.660060
0.307952
-0.660060
-0.964028
-1.000000
-0.338220
-0.964028
0.501192
0.609540
0.905236
0.501192
0.307952
0.391996
0.609540
0.276042
0.337812
0.501192
0.241908
0.391996
0.519380
0.337812
0.903718
0.902616
0.461452
0.205366
0.124264
0.675560
0.461452
0.835928
-0.826199
0.205366
0.241908
0.307952
0.675560
0.702126
0.536552
0.241908
0.391996
0.307952
0.166222
-0.901494
0.990480
0.962126
0.665852
0.978462
0.999316
-1.000000
-0.826199
-0.826199
-0.901494
-0.660060
0.725360
0.717950
0.739270
0.675560
0.693670
0.710212
0.725360
0.337812
0.924804
0.931256
0.869734
0.850472
0.867556
0.886956
0.568138
0.693670
0.826052
0.439716
0.860648
0.981534
-0.338220
-0.413992
0.031028
0.079274
-0.744402
-0.826199
-0.660060
-0.744402
-0.660060
0.717950
0.829450
0.960034
-0.964028
-0.964028
-0.964028
-0.964028
-0.964028
0.732462
0.992002
0.725360
0.858212
0.944132
-1.000000
-0.964028
-0.964028
-1.000000
0.079274
-0.744402
-1.000000
-1.000000
0.166222
0.365778
0.124264
-0.198892
0.241908
-0.020704
0.710212
0.124264
0.931538
0.952532
-0.660060
-0.744402
-0.575816
-0.493418
0.980192
0.621956
0.416602
0.928148
0.031028
0.031028
0.031028
0.205366
0.031028
0.079274
0.241908
0.166222
0.241908
0.124264
0.124264
-0.338220
-0.338220
-0.076140
-0.198892
-0.135482
0.439716
-0.076140
0.079274
0.124264
-0.198892
0.609540
-0.493418
0.980192
0.621956
0.416602
0.928148
0.031028
0.031028
0.031028
0.205366
0.031028
0.079274
0.241908
0.166222
0.241908
0.124264
0.124264
-0.338220
-0.338220
-0.076140
-0.198892
-0.135482
0.439716
-0.076140
0.079274
0.124264
-0.198892
0.609540
0.865316
0.853128
0.998970
0.991678
0.996724
0.992746
0.999948
0.869734
0.774824
0.241908
0.997748
0.944132
0.481912
0.732462
0.932486
0.954734
0.950770
0.702126
-0.076140
0.241908
0.596464
0.596464
0.621956
-0.198892
0.031028
0.582680
-0.338220
-0.413992
0.907222
0.807278
0.839018
0.609540
-0.744402
-0.660060
-0.826199
-0.826199
-0.826199
0.732462
0.416602
0.989340
0.949774
0.879794
0.969548
-0.413992
-0.826199
-0.826199
-1.000000
-1.000000
-1.000000
-1.000000
-1.000000
-1.000000
-1.000000
-1.000000
-1.000000
-1.000000
-0.076140
-0.660060
-0.493418
0.999882
0.693670
-0.575816
0.241908
0.124264
0.307952
0.391996
-0.266470
-0.493418
-0.413992
0.916766
0.717950
0.969828
-0.964028
-0.901494
-0.826199
-0.575816
-0.493418
-0.493418
-0.744402
-0.020704
-0.076140
-0.575816
-0.266470
0.665852
0.609540
0.693670
0.031028
-0.020704
-0.076140
0.990252
0.993752
0.917284
0.943918
0.847736
0.896456
0.983580
0.803124
0.902084
0.621956
0.934336
0.894966
0.896456
0.031028
-0.493418
-0.198892
0.794366
0.999986
0.999894
0.996598
0.702126
0.998472
0.997188
0.991500
0.991860
0.989890
1.000000
1.000000
0.519380
0.621956
-0.076140
0.519380
0.655670
-0.198892
0.911450
-0.493418
0.519380
0.481912
0.276042
0.693670
0.784956
0.693670
0.337812
0.996174
0.968680
0.981234
0.972426
-0.076140
0.818916
0.899334
0.481912
0.552784
0.941106
-0.964028
0.481912
0.930500
0.936992
0.915642
0.994480
1.000000
0.962402
-0.964028
-0.964028
-0.964028
-0.826199
0.941712
0.307952
0.241908
0.826052
0.928946
0.855706
0.807278
0.891878
0.885232
0.888636
0.896456
0.885232
0.881654
0.822544
0.416602
0.973228
0.815168
0.439716
0.276042
0.205366
0.461452
0.205366
0.552784
0.710212
0.725360
0.710212
0.166222
0.337812
0.439716
0.850472
0.276042
0.732462
0.847736
0.769464
0.307952
0.621956
0.933442
0.850472
0.633758
0.568138
0.582680
0.763894
0.461452
0.552784
0.461452
0.391996
0.391996
0.391996
0.501192
0.481912
0.439716
0.416602
0.596464
0.675560
0.907048
0.953652
-0.744402
-0.826199
-0.826199
-0.744402
-0.660060
-0.660060
0.416602
0.798822
0.725360
0.439716
0.079274
-0.020704
0.536552
0.307952
0.842012
0.568138
0.596464
0.416602
0.501192
0.994096
0.241908
0.936122
-0.338220
-0.575816
-0.266470
-0.135482
-0.575816
-0.660060
0.902272
0.665852
0.501192
0.968778
0.596464
0.644982
0.763894
0.911930
0.684824
0.943380
-0.575816
0.966184
0.997188
-0.660060
-0.901494
-0.744402
-0.901494
-0.826199
-0.744402
-0.266470
-0.413992
-1.000000
-1.000000
-1.000000
-1.000000
0.995300
0.858212
0.963476
0.416602
0.205366
0.205366
0.079274
0.276042
0.337812
-0.076140
1.000000
0.918292
0.839018
0.993386
0.832740
0.166222
0.835928
0.693670
0.241908
0.693670
0.481912
0.416602
0.416602
-0.660060
0.596464
0.943380
0.621956
0.998470
0.855706
0.763894
0.702126
0.439716
-0.826199
-0.826199
-0.493418
-0.660060
-0.826199
-0.826199
-0.826199
-0.826199
-0.826199
-0.826199
0.916258
-0.901494
-0.826199
-0.826199
-0.826199
-0.826199
-0.744402
-0.826199
-0.135482
0.920244
0.907222
-0.413992
-0.660060
-0.575816
-0.198892
0.873918
0.992448
0.803124
0.997580
0.079274
0.947938
0.739270
-0.198892
0.079274
