0.846835
0.862680
0.988127
0.539637
0.515514
0.293004
0.432259
0.293004
0.798232
0.776392
0.976826
0.515514
0.253291
0.969753
0.804770
0.730726
0.127799
0.929106
0.948228
0.049253
0.894873
0.432259
0.759690
0.668906
0.978593
0.984340
0.958642
0.907584
0.957070
0.986996
0.489648
0.975385
0.740956
0.881947
0.971138
0.049253
0.127799
0.750596
0.653976
0.981063
0.086900
0.638021
0.293004
0.127799
0.127799
0.127799
0.991393
0.914725
0.846835
0.366765
0.837780
0.917964
0.846835
0.866231
0.253291
0.884732
0.917964
0.638021
0.212092
0.740956
0.049253
0.682889
0.017986
0.995126
0.750596
0.366765
0.562132
0.999235
0.212092
0.515514
0.515514
0.253291
0.253291
0.668906
0.740956
0.366765
0.894873
0.997650
0.997878
0.998004
0.432259
0.461930
0.169970
0.897183
0.017986
0.515514
0.954385
0.810978
0.017986
0.668906
0.169970
0.049253
0.461930
0.127799
0.432259
0.914725
0.212092
0.562132
0.949667
0.562132
0.000000
0.695998
0.017986
0.991869
0.903639
0.997826
0.017986
0.212092
0.017986
0.905645
0.432259
0.127799
0.086900
0.000000
0.869635
0.740956
0.980017
0.975978
0.695998
0.668906
0.169970
0.461930
0.293004
0.461930
0.768276
1.000000
0.017986
0.515514
0.923868
0.982125
0.750596
0.816879
0.049253
0.000000
0.330890
0.212092
0.776392
0.489648
0.000000
0.768276
0.017986
0.461930
0.872902
0.963254
0.253291
0.620954
0.017986
0.975751
0.127799
0.293004
0.899411
0.400554
0.862680
0.253291
0.740956
0.127799
0.842412
0.682889
0.253291
0.994670
0.583111
0.914725
0.330890
0.810978
0.086900
0.998066
0.975080
0.086900
0.017986
0.889993
0.461930
0.936959
0.999941
0.330890
0.461930
0.000000
0.620954
0.855106
0.000000
0.940827
0.086900
0.999968
0.869635
0.432259
0.293004
0.967168
0.017986
0.740956
0.366765
0.489648
0.940827
0.855106
0.999236
0.000000
0.293004
0.400554
0.017986
0.330890
0.169970
0.994549
0.461930
0.539637
0.719858
0.964074
0.169970
0.489648
0.583111
0.293004
0.983320
0.293004
0.400554
0.999993
0.784069
0.952355
0.968061
0.884732
0.086900
0.253291
0.515514
0.956523
0.999916
0.461930
0.169970
0.366765
0.293004
0.991095
0.169970
0.127799
0.461930
0.916370
0.017986
0.539637
0.759690
0.881947
0.017986
0.810978
0.366765
0.212092
0.776392
0.969678
0.990617
0.953611
0.017986
0.000000
0.668906
0.086900
0.461930
0.086900
0.892478
0.330890
0.400554
0.127799
0.948228
0.899411
0.400554
0.866231
0.934867
0.169970
0.000000
0.086900
0.461930
0.489648
0.851063
0.562132
0.798232
0.971138
0.432259
0.432259
0.461930
0.921006
0.366765
0.086900
0.668906
0.866231
0.127799
0.539637
0.000000
0.000000
0.515514
0.602683
0.995364
0.719858
0.253291
0.127799
0.127799
0.400554
0.979735
0.086900
0.759690
0.489648
0.740956
0.253291
0.017986
0.400554
0.330890
0.017986
0.951196
0.400554
0.400554
0.695998
0.981201
0.400554
0.974662
0.971690
0.965628
0.948956
0.858975
0.432259
0.212092
0.432259
0.926564
0.990767
0.986996
0.169970
0.858975
0.804770
0.620954
0.127799
0.695998
0.866231
0.992164
0.400554
0.127799
0.996001
0.049253
0.653976
0.017986
0.212092
0.719858
0.432259
0.253291
0.958944
0.562132
0.822491
0.049253
0.049253
0.461930
0.086900
0.169970
0.330890
0.086900
0.253291
0.992004
0.810978
0.000000
0.602683
0.832926
0.668906
0.804770
0.923868
