0.567839
0.572161
0.570507
0.565860
0.568353
0.567291
0.569225
0.572084
0.569217
0.570234
0.566367
0.565348
0.568873
0.566461
0.571504
0.571776
0.565305
0.567840
0.563346
0.569032
0.566689
0.571526
0.569063
0.565473
0.567384
0.568090
0.564465
0.572928
0.563422
0.571979
0.571204
0.569847
0.563787
0.565448
0.568291
0.569136
0.568727
0.573699
0.567483
0.570980
0.568978
0.570683
0.564949
0.570137
0.570609
0.570369
0.567469
0.570469
0.570582
0.575705
0.565921
0.564548
0.567936
0.573914
0.569457
0.568337
0.572462
0.569552
0.565561
0.571604
0.568288
0.570287
0.568049
0.570253
0.570149
0.567607
0.574155
0.568027
0.569134
0.572882
0.570523
0.573523
0.566093
0.570672
0.569911
0.571135
0.563589
0.571096
0.568200
0.574293
0.567297
0.572562
0.566937
0.567969
0.569282
0.565937
0.567716
0.566109
0.565927
0.575347
0.567814
0.570270
0.570948
0.570791
0.569254
0.568223
0.568962
0.571232
0.566396
0.566552
0.564419
0.571469
0.569344
0.567557
0.567419
0.571329
0.565642
0.567692
0.574148
0.562996
0.565962
0.570995
0.569084
0.566618
0.567381
0.567299
0.569640
0.569345
0.569433
0.569258
0.573016
0.563233
0.572527
0.568330
0.572603
0.569689
0.565238
0.566484
0.563727
0.571627
0.570552
0.569220
0.564421
0.566507
0.570441
0.568865
0.567976
0.571224
0.567820
0.563613
0.568565
0.567065
0.568587
0.564789
0.566185
0.568746
0.573110
0.567284
0.574028
0.570125
0.568677
0.569516
0.570492
0.572412
0.569496
0.570519
0.566736
0.570311
0.569193
0.567308
0.568811
0.566985
0.567116
0.568878
0.565423
0.571777
0.573335
0.574160
0.569297
0.568188
0.571056
0.565186
0.567623
0.568091
0.573258
0.566338
0.571672
0.570048
0.566264
0.570896
0.563485
0.567577
0.569374
0.570319
0.564057
0.566605
0.573474
0.565499
0.571273
0.570821
0.569152
0.572440
0.564275
0.563996
0.571090
0.563940
0.569116
0.571162
0.564692
0.573558
0.567280
0.570995
0.565969
0.568285
0.569773
0.569568
0.567909
0.566832
0.569238
0.568745
0.571605
0.568430
0.564508
0.564451
0.571360
0.563596
0.566110
0.568790
0.571519
0.566484
0.569973
0.570115
0.564511
0.570984
0.569517
0.567077
0.567836
0.571871
0.563303
0.564290
0.567370
0.569008
0.564803
0.563828
0.563747
0.571034
0.573291
0.567195
0.570113
0.566737
0.574179
0.564382
0.570457
0.569322
0.574175
0.569005
0.567772
0.565578
0.572341
0.567708
0.575175
0.568154
0.571774
0.564494
0.569523
0.571115
0.569350
0.572042
0.569071
0.570310
0.567169
0.570180
0.566487
0.569574
0.566204
0.566892
0.566492
0.567248
0.569608
0.565403
0.569242
0.568523
0.566721
0.575171
0.566720
0.570720
0.570113
0.567055
0.572041
0.573167
0.569014
0.568614
0.567458
0.568390
0.562086
0.571864
0.567676
0.567666
0.571096
0.569856
0.572184
0.571578
0.572395
0.570925
0.567874
0.565109
0.570710
0.568698
0.569486
0.568687
0.563919
0.569408
0.569314
0.572173
0.569548
0.570950
0.570118
0.568958
0.568978
0.572699
0.572680
0.566590
0.566251
0.572767
0.570173
0.568898
0.568779
0.569788
0.564881
0.567609
0.572324
0.569807
0.565321
0.567780
0.567835
0.569711
0.569903
0.568822
0.568464
0.575222
0.569447
0.573291
0.572323
0.562960
0.571160
0.568048
0.572642
0.571524
0.565625
0.572308
0.561152
0.567705
0.571463
0.566724
0.567896
0.573348
0.569489
0.573443
0.567819
0.568886
