-0.895044
-0.865889
-0.959184
-0.935860
-0.865889
-0.632653
-0.895044
-0.865889
-0.959184
-0.166181
-0.166181
-0.282799
0.067055
0.183673
-0.935860
0.183673
-0.865889
-0.865889
-0.632653
-0.166181
-0.959184
-0.049563
-0.819242
-0.632653
-0.545190
-0.632653
-0.935860
0.183673
-0.457726
-0.895044
-0.836735
-0.865889
-0.865889
-0.912536
-0.865889
-0.457726
-0.457726
-0.935860
-0.632653
-0.632653
-0.516035
-0.341108
-0.341108
-0.457726
-0.457726
-0.632653
-0.959184
-0.994169
-0.457726
-0.959184
-0.731778
-0.935860
-0.935860
-0.906706
-0.865889
-0.895044
-0.772595
-0.982507
-0.685131
-0.982507
-0.685131
-0.685131
-0.889213
-0.982507
-0.982507
-0.959184
-0.877551
-0.772595
-0.049563
-0.807580
-0.772595
-0.807580
-0.865889
-0.516035
-0.994169
-0.982507
-0.166181
-0.772595
-0.632653
-0.959184
-0.574344
-0.632653
-0.574344
-0.574344
-0.574344
-0.959184
-0.959184
-0.795918
-0.994169
-0.574344
-0.906706
-0.772595
-0.632653
-0.632653
-0.632653
-0.632653
-0.632653
-0.807580
-0.865889
-0.918367
-0.918367
-0.341108
-0.918367
-0.918367
-0.865889
-0.836735
-0.918367
-0.889213
-0.836735
-0.889213
-0.889213
-0.918367
-0.836735
-0.918367
-0.836735
-0.918367
-0.918367
-0.795918
-0.889213
-0.918367
-0.935860
-0.889213
-0.865889
-0.918367
-0.918367
-0.889213
-0.918367
-0.918367
-0.918367
-0.918367
-0.795918
-0.918367
-0.889213
-0.889213
-0.918367
-0.918367
0.358601
-0.865889
-0.632653
-0.772595
-0.731778
-0.685131
-0.941691
-0.935860
-0.574344
-0.685131
-0.166181
-0.865889
-0.865889
-0.865889
0.183673
-0.935860
-0.935860
-0.959184
-0.836735
-0.632653
-0.632653
-0.772595
-0.632653
-0.457726
-0.457726
-0.574344
-0.889213
-0.871720
-0.935860
-0.935860
-0.341108
-0.801749
-0.895044
-0.836735
-0.341108
-0.935860
-0.935860
-0.935860
-0.836735
-0.166181
-0.516035
-0.731778
-0.166181
-0.685131
-0.772595
-0.772595
-0.731778
-0.807580
-0.935860
-0.632653
-0.574344
-0.516035
-0.772595
-0.772595
-0.772595
-0.516035
-0.516035
-0.282799
-0.807580
-0.935860
-0.457726
-0.935860
-0.807580
-0.457726
-0.457726
-0.457726
-0.341108
-0.457726
-0.457726
-0.457726
-0.282799
-0.959184
-0.912536
-0.755102
-0.912536
-0.935860
-0.895044
-0.457726
-0.935860
-0.457726
-0.935860
-0.457726
-0.516035
-0.516035
0.067055
-0.731778
-0.632653
-0.457726
-0.935860
-0.457726
-0.632653
-0.516035
-0.632653
-0.865889
-0.516035
-0.574344
-0.982507
-0.632653
-0.574344
-0.574344
-0.895044
-0.959184
-0.836735
-0.959184
0.183673
0.183673
0.183673
-0.895044
-0.632653
-0.516035
-0.282799
-0.166181
-0.935860
-0.772595
-0.935860
-0.632653
-0.900875
-0.865889
-0.906706
-0.772595
-0.731778
-0.574344
-0.166181
-0.685131
-0.935860
-0.935860
-0.941691
-0.685131
-0.661808
-0.935860
-0.941691
-0.825073
-0.941691
-0.661808
-0.655977
-0.941691
-0.941691
-0.941691
-0.935860
-0.166181
-0.568513
-0.935860
-0.457726
-0.457726
-0.574344
-0.935860
-0.632653
-0.632653
-0.836735
-0.632653
-0.632653
-0.457726
-0.632653
-0.457726
-0.166181
-0.935860
-0.935860
-0.935860
-0.935860
-0.935860
-0.807580
-0.935860
-0.935860
-0.731778
-0.049563
0.067055
-0.166181
-0.807580
-0.836735
-0.760933
-0.895044
-0.895044
-0.516035
-0.632653
-0.842566
-0.865889
0.941691
-0.341108
0.183673
0.183673
0.183673
-0.772595
-0.731778
-0.049563
-0.049563
0.008746
-0.282799
-0.457726
-0.731778
-0.282799
-0.842566
0.591837
-0.935860
-0.772595
-0.935860
-0.935860
-0.049563
0.067055
0.067055
0.067055
0.067055
0.067055
0.067055
-0.166181
-0.166181
0.183673
-0.166181
-0.807580
-1.000000
-1.000000
-1.000000
-1.000000
-1.000000
-0.895044
-0.819242
-0.865889
-0.895044
-0.632653
-0.935860
-0.935860
-0.935860
-0.935860
-0.935860
-0.935860
-0.282799
-0.341108
-0.772595
-0.912536
-0.166181
-0.935860
-0.632653
-0.935860
-0.457726
-0.906706
-0.632653
-0.935860
-0.166181
-0.574344
-0.341108
-0.574344
-0.935860
-0.895044
-0.685131
-0.959184
-0.953353
-0.685131
-0.912536
-0.685131
-0.685131
-0.935860
-0.906706
-0.906706
-0.685131
-0.632653
-0.632653
-0.632653
-0.836735
-0.457726
-0.632653
-0.632653
-0.166181
-0.457726
-0.632653
-0.166181
-0.166181
-0.166181
-0.166181
-0.632653
-0.632653
-0.632653
-0.166181
-0.912536
-0.935860
-0.772595
-0.685131
-0.632653
-0.772595
-0.772595
-0.772595
-0.772595
-0.731778
-0.772595
-0.731778
-0.632653
-0.341108
-0.772595
-0.457726
-0.457726
-0.457726
-0.457726
-0.457726
-0.457726
0.183673
-0.784257
-0.574344
-0.632653
-0.807580
-0.865889
-0.912536
-0.865889
-0.982507
-0.982507
-0.632653
-0.516035
-0.632653
-0.865889
-0.685131
-0.685131
-0.574344
-0.836735
-0.865889
-0.895044
1.000000
0.183673
-0.982507
-0.982507
-0.982507
-0.982507
-0.632653
-0.632653
1.000000
0.183673
-0.982507
-0.982507
-0.982507
-0.982507
-0.632653
-0.632653
-0.772595
-0.895044
-0.895044
-0.865889
-0.865889
-0.632653
-0.685131
-0.516035
-0.900875
-0.632653
-0.166181
-0.935860
-0.282799
-0.282799
-0.282799
-0.865889
-0.632653
-0.632653
-0.935860
-0.632653
-0.457726
-0.749271
-0.807580
-0.049563
-0.685131
-0.772595
-0.772595
-0.895044
-0.895044
-0.457726
-0.865889
-0.854227
-0.941691
-0.941691
-0.772595
-0.772595
-0.865889
-0.457726
-0.731778
-0.341108
0.183673
-0.895044
-0.457726
-0.166181
-0.836735
-0.895044
-0.865889
-0.865889
-0.772595
-0.865889
-0.772595
-0.772595
-0.772595
-0.772595
-0.772595
-0.772595
-0.772595
-0.772595
-0.772595
-0.836735
-0.772595
-0.772595
-0.836735
-0.772595
-0.772595
-0.772595
-0.772595
-0.772595
-0.772595
-0.772595
-0.772595
-0.772595
-0.790087
-0.772595
-0.772595
-0.772595
-0.772595
-0.772595
-0.772595
-0.772595
-0.772595
-0.772595
-0.772595
-0.772595
-0.772595
-0.772595
-0.772595
-0.895044
-0.895044
-0.772595
-0.772595
-0.772595
-0.772595
-0.895044
-0.895044
-0.895044
-0.895044
-0.895044
-0.166181
0.183673
-0.341108
-0.341108
-0.341108
-0.935860
-0.854227
-0.457726
-0.282799
-0.282799
-0.457726
-0.282799
-0.282799
-0.457726
-0.457726
-0.819242
-0.836735
-0.865889
-0.772595
-0.516035
-0.574344
-0.574344
-0.906706
-0.895044
-0.836735
-0.836735
-0.813411
-0.813411
-0.935860
-0.935860
-0.935860
-0.895044
-0.935860
-0.935860
-0.772595
-0.772595
-0.772595
-0.685131
-0.772595
-0.772595
-0.772595
-0.772595
-0.935860
-0.935860
-0.895044
-0.865889
-0.772595
-1.000000
-0.632653
