0.519336 0.518294 0.518286 -0.985140 0.232140
0.516577 0.515536 0.515528 -0.975008 0.240545
0.667132 0.661839 0.664596 -0.998649 0.002301
0.654693 0.642509 0.648025 -1.000000 -0.699778
-0.048342 -0.048994 -0.049002 -0.972982 0.638536
-0.046958 -0.047611 -0.047619 -0.972982 0.723952
0.519336 0.518294 0.518286 -0.985140 0.232140
0.516577 0.515536 0.515528 -0.975008 0.240545
0.667132 0.661839 0.664596 -0.998649 0.002301
-0.383977 -0.391304 -0.388544 -0.837217 -0.152906
-0.447513 -0.454791 -0.452036 -0.837217 -0.418232
-0.440607 -0.447892 -0.445135 -0.837217 -0.469346
-0.341159 -0.348513 -0.344378 -0.938534 -0.465480
-0.038670 -0.044853 -0.042095 -0.958798 0.011702
0.707185 0.697723 0.701863 -0.864235 -0.559302
0.563541 0.554178 0.558319 -0.789936 -0.031006
0.642262 0.631470 0.635602 -0.654846 -0.863470
0.407460 0.402352 0.403727 -0.956096 0.595828
-0.379834 -0.391304 -0.385789 -0.911516 0.142777
-0.392265 -0.403727 -0.398211 0.324553 0.505872
0.970994 0.959975 0.965491 -0.998649 -0.583413
0.598074 0.587304 0.592820 -0.884498 -0.287731
0.197518 0.191172 0.193930 -0.918271 -0.661016
-0.690608 -0.696340 -0.693582 -0.918271 0.723952
-0.680939 -0.686675 -0.683920 -0.918271 1.000000
0.552494 0.541756 0.547271 -0.864235 -0.683559
0.226519 0.217391 0.221524 -0.992570 -0.216372
-0.437844 -0.446509 -0.442379 -0.904762 -0.296333
0.058009 0.054518 0.055892 -0.904762 -0.561660
0.723759 0.722576 0.722567 -0.891253 -0.649257
-0.603591 -0.610766 -0.606625 -0.914218 0.242923
-0.607735 -0.614907 -0.610766 -0.995947 0.415917
-0.600829 -0.608008 -0.603865 -0.995947 0.283253
0.399170 0.394062 0.395437 -0.995947 0.420456
-0.937845 -0.944787 -0.940654 -0.688619 -0.906178
0.983434 0.975164 0.979296 -0.789936 -0.561660
0.979290 0.971023 0.975155 -0.918271 -0.561660
-0.214088 -0.222913 -0.218772 -0.742655 0.544714
0.066297 0.066940 0.065557 -0.783181 0.728491
0.511057 0.510012 0.510004 -0.722391 -0.550896
0.453046 0.445143 0.449275 -0.823708 0.591288
0.410223 0.402352 0.406484 -0.904762 0.824381
0.407464 0.399594 0.403727 -0.870990 0.734426
0.417127 0.409251 0.413383 -0.715637 0.670480
0.414367 0.406493 0.410625 -0.823708 0.627772
0.421273 0.413391 0.417524 -0.918271 0.728491
0.683698 0.677019 0.679776 -0.997298 -0.716077
0.063535 0.058658 0.061416 -0.789936 0.024843
-0.262430 -0.267081 -0.264320 -0.654846 0.670480
0.585643 0.579023 0.581781 -0.995947 -0.269103
0.763812 0.759834 0.761209 -0.918271 -0.775004
0.296961 0.293308 0.294683 -1.000000 0.721135
0.382602 0.378890 0.380265 -1.000000 0.190956
0.182319 0.178741 0.180116 -0.997298 -0.714488
0.327347 0.325052 0.326427 -0.920297 0.681244
0.842550 0.832994 0.837126 -0.904762 -0.614362
0.874315 0.864737 0.868870 -0.485984 -0.504241
0.744478 0.740513 0.741888 -0.789936 -0.840927
0.207181 0.204969 0.206344 0.054374 0.592851
0.744478 0.740513 0.741888 -0.789936 -0.840927
0.207181 0.204969 0.206344 0.054374 0.592851
0.046966 0.047627 0.047619 -0.837217 0.550143
-0.977900 -0.979296 -0.979296 -0.974333 0.285631
0.638118 0.635611 0.636986 -0.864235 -0.375524
0.640886 0.638377 0.639752 -0.864235 -0.387877
-0.106353 -0.109731 -0.108356 -0.998649 0.751798
0.697522 0.696348 0.696340 -0.877744 -0.527822
-0.232044 -0.232569 -0.232577 1.000000 0.369342
-0.234806 -0.235329 -0.235337 1.000000 0.683621
-0.243093 -0.243611 -0.243619 -0.317123 0.415917
-0.236187 -0.236710 -0.236718 1.000000 0.634669
-0.245855 -0.246369 -0.246379 -0.837217 0.591288
0.751381 0.750178 0.750170 -0.816954 -0.422772
0.071824 0.072464 0.072464 -0.837217 0.766660
0.814920 0.810907 0.812282 -0.688619 -0.771137
0.741710 0.737747 0.739122 -0.688619 -0.730807
-0.176797 -0.175983 -0.177366 -0.958798 0.861154
0.236187 0.235337 0.235329 -0.452212 0.236679
-0.386739 -0.385781 -0.385783 -0.857481 -0.683559
0.063540 0.058667 0.060041 -0.998649 0.819289
0.044198 0.044861 0.044853 -0.904762 0.773577
0.045582 0.046244 0.046236 -0.904762 0.681244
-0.515193 -0.514145 -0.515534 -0.952043 -0.771137
-0.506905 -0.505863 -0.507252 -0.952043 -0.513317
-0.517955 -0.516903 -0.518294 -0.918271 -0.771137
0.908840 0.908903 0.907520 -0.998649 -0.528353
-0.899172 -0.897863 -0.897863 -0.998649 -0.661016
-0.005521 -0.011727 -0.008969 -0.908815 0.738965
0.736190 0.734990 0.734981 -0.688619 -0.771137
0.820447 0.810907 0.815039 -0.891253 -0.595766
0.972378 0.972398 0.972389 -0.992570 0.299572
0.399170 0.399586 0.399578 -0.918271 0.634669
0.321823 0.319528 0.319528 -0.993246 0.638536
0.348068 0.345756 0.345756 -0.982438 0.728491
0.350828 0.348513 0.348513 -0.993246 0.813907
0.325966 0.323669 0.323669 -0.993921 0.771199
0.327350 0.325052 0.325052 -0.993921 0.771199
0.378455 0.377507 0.377499 -0.893955 0.723952
-0.977900 -0.979296 -0.979296 -0.962850 0.325961
-0.977900 -0.979296 -0.979296 -0.987166 0.228392
-0.977900 -0.979296 -0.979296 -0.987166 0.318348
0.567676 0.565217 0.565209 -0.958798 -0.497714
-0.977900 -0.979296 -0.979296 -0.987166 0.228392
-0.977900 -0.979296 -0.979296 -0.987166 0.318348
-0.977900 -0.979296 -0.979296 -0.962850 0.193298
-0.977900 -0.979296 -0.979296 -0.934482 0.371047
-0.977900 -0.979296 -0.979296 -0.987166 0.228392
-0.977900 -0.979296 -0.979296 -0.966903 0.242923
-0.977900 -0.979296 -0.979296 -0.939885 0.230570
-0.977900 -0.979296 -0.979296 -0.966903 0.242923
-0.977900 -0.979296 -0.979296 -0.966903 0.285631
-0.977900 -0.979296 -0.979296 -0.987166 0.493719
-0.977900 -0.979296 -0.979296 -0.944613 0.371047
-0.977900 -0.979296 -0.979296 -0.987166 0.403764
-0.977900 -0.979296 -0.979296 -0.944613 0.328339
-0.977900 -0.979296 -0.979296 -0.987166 0.228392
-0.977900 -0.979296 -0.979296 -0.987166 0.228392
-0.977900 -0.979296 -0.979296 -0.908815 0.426391
-0.977900 -0.979296 -0.979296 -0.974333 0.418294
-0.977900 -0.979296 -0.979296 -0.987166 0.271101
-0.871547 -0.881300 -0.877159 -0.985816 -0.684459
-0.977900 -0.980671 -0.979296 -0.974333 -0.723890
-0.977900 -0.980671 -0.979296 -0.954070 -0.640851
-0.977900 -0.980671 -0.979296 -0.987166 -0.648465
-0.977900 -0.980671 -0.979296 -0.987166 -0.781128
-0.977900 -0.980671 -0.979296 -0.977035 -0.283191
-0.977900 -0.980671 -0.979296 -0.987166 -0.515802
-0.977900 -0.980671 -0.979296 -0.987166 -0.550697
-0.977900 -0.980671 -0.979296 -0.987166 -0.383138
-0.977900 -0.980671 -0.979296 -0.979737 -0.648465
-0.977900 -0.980671 -0.979296 -0.920297 -0.352698
-0.977900 -0.980671 -0.979296 -0.987166 -0.290215
-0.977900 -0.980671 -0.979296 -0.974333 -0.723890
-0.977900 -0.980671 -0.979296 -0.977035 -0.723890
-0.977900 -0.980671 -0.979296 -0.987166 -0.207767
-0.977900 -0.980671 -0.979296 -0.987166 -0.605757
0.520720 0.521052 0.519669 -0.945289 -0.247400
0.245861 0.243619 0.243619 -0.823708 0.723952
0.080115 0.077988 0.077988 -0.904762 0.681244
0.095306 0.093168 0.093168 -0.350895 0.061307
0.084259 0.082128 0.082128 -0.864235 0.504383
0.074587 0.072464 0.072464 -0.904762 0.592851
0.042822 0.039346 0.040720 -0.984465 -0.658639
0.846685 0.834369 0.839884 -0.688619 -0.426638
0.120168 0.108356 0.113872 -0.864235 0.773577
0.120168 0.108356 0.113872 -0.864235 0.592851
0.705801 0.694965 0.699097 -0.877744 -0.418232
0.245861 0.239478 0.242236 -0.965552 0.107882
0.245861 0.239478 0.242236 -0.965552 0.107882
0.244477 0.238095 0.240853 -0.965552 0.150590
0.835638 0.830228 0.831602 -0.958798 -0.296333
0.524864 0.518286 0.521043 -0.984465 -0.524407
0.542823 0.536232 0.538990 -0.984465 -0.777381
0.165744 0.158037 0.160795 -0.997298 0.623388
0.240333 0.231197 0.235329 -0.965552 -0.595766
-0.182319 -0.192547 -0.187031 -0.904762 0.813907
-0.185081 -0.195307 -0.189791 -0.904762 0.813907
-0.074584 -0.079362 -0.077988 -0.485984 -0.028648
-0.178175 -0.188406 -0.182890 -0.904762 0.813907
0.118784 0.106973 0.112489 -0.580547 0.760435
0.439231 0.429954 0.434087 -0.945289 0.760435
-0.223756 -0.233954 -0.228439 -0.891253 0.683621
0.839782 0.830228 0.834360 -0.986491 -0.813845
0.827351 0.817805 0.821938 -0.976359 -0.705603
-0.107733 -0.116629 -0.112497 -0.995947 -0.952753
-0.109117 -0.118012 -0.113880 -0.995947 -0.952753
0.828726 0.828845 0.827462 -0.911516 -0.497714
0.701665 0.692207 0.696340 -0.879770 0.068215
0.697522 0.690824 0.693582 -0.958798 -0.704317
-0.186464 -0.187020 -0.187029 -0.945964 0.726329
0.738958 0.734998 0.736373 -0.918271 0.649010
0.679555 0.674261 0.677010 -0.864235 -0.734673
0.679555 0.674261 0.677010 -0.864235 -0.734673
0.614640 0.613532 0.613524 -0.986491 -0.505925
0.037297 0.036580 0.036580 -0.877744 -0.608118
-0.443369 -0.442369 -0.442379 -0.891253 0.638536
-0.446132 -0.445135 -0.445140 -0.080716 0.633996
0.030385 0.029673 0.029673 -0.553529 -0.248889
-0.444751 -0.443752 -0.443760 -0.925025 0.638536
-0.229281 -0.228433 -0.228433 0.324553 0.460188
-0.027626 -0.028298 -0.028298 -0.553529 0.369342
-0.026242 -0.026915 -0.026915 -0.553529 0.369342
0.201662 0.199453 0.200828 -0.864235 -0.599632
-0.106355 -0.106973 -0.106973 -0.195542 0.676705
-0.070444 -0.072464 -0.071089 -1.000000 0.533379
-0.113256 -0.115246 -0.113872 -0.984465 0.723952
-0.111880 -0.113872 -0.112497 -0.970280 0.948948
0.639511 0.639760 0.638369 -0.918271 -0.688099
-0.244475 -0.244994 -0.245000 -0.654846 0.279387
-0.245855 -0.246369 -0.246379 -0.850726 0.502006
-0.247237 -0.247752 -0.247760 -0.742655 0.326634
-0.359115 -0.359553 -0.359564 -0.918271 0.946570
-0.377071 -0.377499 -0.377507 -0.918271 0.899323
-0.386739 -0.387164 -0.387169 -0.918271 0.587422
-0.412982 -0.413383 -0.413394 -0.715637 -0.064522
-0.430938 -0.431329 -0.431337 -0.918271 -0.469346
-0.453038 -0.453416 -0.453422 -0.918271 -0.694323
-0.430938 -0.431329 -0.431337 -0.918271 -0.426638
-0.411601 -0.412008 -0.412014 -0.715637 0.060635
-0.443369 -0.443752 -0.443760 -0.918271 -0.694323
-0.469613 -0.469979 -0.469985 -0.918271 -0.694323
-0.479280 -0.479636 -0.479646 -0.918271 -0.694323
-0.256906 -0.258799 -0.257422 -0.911516 0.914336
-0.255524 -0.257416 -0.256041 -0.911516 0.850390
-0.255524 -0.257416 -0.256041 -0.911516 0.850390
-0.247237 -0.249135 -0.247760 -0.911516 0.850390
0.758292 0.758460 0.758451 -0.837217 -0.469346
0.640886 0.639760 0.639752 -0.997298 -0.716077
-0.287292 -0.286402 -0.286404 -0.985816 0.373209
-0.294198 -0.293308 -0.293306 -0.891253 0.521981
-0.294198 -0.293308 -0.293306 -0.985816 0.463164
-0.294198 -0.293308 -0.293306 -0.992570 0.502006
-0.296961 -0.296066 -0.296066 -0.972307 0.587422
0.853588 0.850932 0.852306 -0.952043 -0.561660
0.371551 0.363702 0.367843 -0.986491 0.375677
0.448894 0.449275 0.447892 -0.918271 0.627772
-0.131217 -0.142857 -0.137342 -0.884498 0.502006
0.225143 0.225681 0.224290 -0.904762 0.760435
0.237574 0.238104 0.236712 -0.904762 0.681244
0.198897 0.199453 0.198062 -0.904762 0.548580
0.878450 0.878534 0.878534 -0.904762 -0.465480
0.936470 0.936513 0.936505 -0.904762 -0.775004
0.500002 0.500348 0.500340 -0.688619 0.373209
0.545582 0.545896 0.545888 -0.702128 -0.561660
0.642270 0.642518 0.642509 -0.702128 -0.512054
0.628455 0.628712 0.628704 -0.911516 -0.694323
0.542823 0.543139 0.543130 -0.688619 -0.640851
0.571828 0.572124 0.572116 -0.864235 -0.598143
0.563541 0.563843 0.563834 -0.911516 -0.683559
0.809392 0.808149 0.808141 -0.982438 0.505872
0.091162 0.090410 0.090402 -0.904762 0.723952
0.102214 0.101458 0.101449 -0.789936 -0.463102
0.629839 0.621814 0.624563 -0.945289 -0.640851
0.281770 0.279503 0.279503 -0.904762 0.903862
0.627080 0.617673 0.621805 -0.789936 -0.505810
0.621552 0.612149 0.616282 -0.688619 -0.505810
0.316297 0.312629 0.314004 -0.877744 0.852749
0.337016 0.330576 0.333325 -0.998649 0.618370
0.459941 0.456174 0.457549 -0.911516 -0.034756
0.647798 0.642518 0.645275 -1.000000 0.224919
0.548350 0.541756 0.544513 -0.952043 0.097118
0.548350 0.541756 0.544513 -0.952043 0.122675
0.548350 0.541756 0.544513 -0.952043 0.187073
-0.895027 -0.903379 -0.899238 -0.796690 -0.864369
0.584259 0.574882 0.579014 -0.742655 0.283253
0.558013 0.548654 0.552787 0.797366 0.368670
0.270723 0.261565 0.265698 -0.904762 0.720085
0.294201 0.285027 0.289159 -0.904762 0.771199
0.240333 0.231197 0.235329 -1.000000 0.138910
0.553870 0.544513 0.548654 0.324553 0.369342
0.654693 0.642509 0.648025 -1.000000 -0.699778
0.618784 0.609383 0.613524 -0.864235 -0.465480
-0.545580 -0.554178 -0.550035 -0.993246 0.310999
-0.549723 -0.558319 -0.554176 -0.979061 0.505872
-0.548342 -0.556936 -0.552795 -0.995272 0.432235
0.475140 0.464455 0.468596 -0.954070 0.634669
0.483427 0.472737 0.476878 -0.975684 0.765171
0.462709 0.450658 0.456174 -0.911516 0.242923
0.457182 0.445135 0.450650 -0.911516 0.861154
0.562157 0.551420 0.555553 -0.705505 0.327525
0.617408 0.605251 0.610766 -1.000000 -0.567115
0.617408 0.605251 0.610766 -1.000000 -0.657070
0.005523 -0.006211 -0.000696 -0.999325 0.856852
0.647790 0.635611 0.641126 -0.904762 -0.819199
0.685082 0.672878 0.678393 -0.977035 -0.665556
0.675411 0.663213 0.668729 -1.000000 -0.699778
0.668508 0.656315 0.661830 -0.977035 -0.265188
0.680939 0.668737 0.674253 -0.977035 -0.669075
0.668508 0.656315 0.661830 -0.977035 -0.698380
0.686466 0.674261 0.679776 -0.977035 -0.575600
0.683698 0.671495 0.677010 -0.977035 -0.703194
0.668508 0.656315 0.661830 -0.977035 -0.748594
0.669892 0.657698 0.663213 -0.977035 -0.670991
0.651933 0.639752 0.645267 -0.970280 -0.525975
0.654693 0.642509 0.648025 -1.000000 -0.699778
0.604969 0.592820 0.598335 -0.864235 -0.242861
-0.441988 -0.452033 -0.446520 -0.756163 -0.501581
0.701657 0.689441 0.694957 -0.911516 -0.602010
-0.893647 -0.904762 -0.899246 -0.904762 0.627772
-0.883978 -0.895097 -0.889582 -0.904762 0.530003
0.651933 0.641135 0.645267 -0.806822 -0.771137
-0.035911 -0.036571 -0.036580 -0.789936 0.502006
-0.381214 -0.392679 -0.387166 -0.945289 0.415917
-0.390883 -0.402344 -0.396828 -0.918271 0.415917
0.516577 0.515528 0.515520 -0.789936 0.636374
-0.368783 -0.377499 -0.373361 -0.472476 0.813907
-0.390883 -0.399586 -0.395445 -0.810199 0.330501
-0.426795 -0.435470 -0.431332 -0.864235 -0.561660
-0.383977 -0.392687 -0.388544 -0.398176 0.505872
-0.424032 -0.432712 -0.428571 -0.654846 -0.561660
-0.397789 -0.406484 -0.402346 -0.837217 0.380715
0.534535 0.529333 0.530708 -0.918271 -0.126416
0.534535 0.529333 0.530708 -0.843972 -0.259080
0.531776 0.526576 0.527950 -0.823708 -0.383930
0.531776 0.526576 0.527950 -0.843972 -0.169124
0.530392 0.525193 0.526567 -0.789936 -0.301788
0.531776 0.526576 0.527950 -0.918271 0.325961
0.517961 0.512770 0.514145 -0.918271 -0.071356
0.517961 0.512770 0.514145 -0.918271 -0.071356
0.491715 0.486542 0.487917 -0.918271 0.547091
-0.212706 -0.217389 -0.216014 -0.918271 0.816285
-0.215468 -0.220149 -0.218774 -0.918271 0.903862
-0.218230 -0.222909 -0.221535 -0.891253 0.771199
0.522104 0.515528 0.518286 -0.918271 -0.157445
0.585635 0.580406 0.583155 -0.950017 -0.112359
0.077352 0.077988 0.076605 -0.891253 0.019679
0.814920 0.809524 0.810899 -0.998649 -0.075895
0.621544 0.616290 0.619039 -0.987842 -0.699472
0.348065 0.344373 0.345747 -0.877744 0.458625
0.451654 0.450658 0.450650 -0.114488 0.463164
0.193369 0.182882 0.188398 -0.983789 0.850390
-0.011051 -0.014493 -0.013118 -0.891253 0.142777
-0.019338 -0.022774 -0.021400 -0.918271 0.189431
0.780386 0.776398 0.777772 -0.877744 -0.720333
-0.117405 -0.116629 -0.118021 -0.654846 0.675019
-0.117405 -0.116629 -0.118021 -0.654846 0.760435
-0.122924 -0.122145 -0.123536 -0.573793 0.717727
0.476516 0.475503 0.475495 -0.911516 0.181618
-0.328728 -0.338857 -0.333339 -0.810199 0.371720
-0.356352 -0.366460 -0.360944 -0.850726 0.508250
-0.414364 -0.424431 -0.418915 -0.864235 -0.197775
0.414367 0.413391 0.413383 -0.654846 -0.352451
-0.168510 -0.169085 -0.169085 -0.789936 -0.516594
-0.190606 -0.191166 -0.191166 -0.918271 -0.608907
-0.201657 -0.202209 -0.202209 -0.823708 -0.501864
-0.189226 -0.189786 -0.189786 -0.918271 -0.516594
0.196137 0.185648 0.191164 -0.983789 0.764974
-0.494474 -0.493441 -0.493443 -0.722391 0.733518
-0.215468 -0.214625 -0.216017 -0.898007 0.544714
0.319065 0.319536 0.318153 -0.925025 0.502006
0.339784 0.338857 0.338857 -0.688619 0.544714
0.338400 0.337474 0.337474 -0.830463 0.677377
0.918511 0.917184 0.917184 -0.918271 -0.505810
0.856356 0.856455 0.856447 -0.925025 -0.332816
0.824591 0.824712 0.824704 -0.958798 -0.332816
0.867411 0.867503 0.867495 -0.918271 -0.332816
0.842550 0.842658 0.842650 -0.877744 -0.332816
0.881218 0.881300 0.881292 -0.918271 -0.332816
0.814920 0.815048 0.815039 -0.877744 -0.332816
-0.249999 -0.250518 -0.250523 -0.904762 -0.427206
-0.244474 -0.244994 -0.245002 -0.877744 -0.602577
-0.267954 -0.268455 -0.268466 -0.891253 -0.129935
0.081496 0.076613 0.079362 -0.864235 -0.418232
0.027623 0.026915 0.026907 -0.952043 0.899323
0.636743 0.634228 0.635602 -0.891253 -0.703061
0.636743 0.634228 0.635602 -0.891253 -0.703061
0.633983 0.631470 0.632845 -0.891253 -0.793016
0.599450 0.596961 0.598335 -0.891253 -0.527690
0.595306 0.592820 0.594195 -0.891253 -0.617645
0.589787 0.587304 0.588679 -0.996623 -0.559302
0.733431 0.729474 0.730849 -0.823708 -0.185423
0.756909 0.754311 0.755685 -0.688619 -0.255213
0.640886 0.636994 0.638369 -0.904762 -0.614362
0.558013 0.552803 0.555553 -0.925025 0.373209
0.335640 0.330576 0.333333 -0.983789 -0.567115
0.343927 0.338857 0.341615 -0.983789 -0.644718
0.334256 0.329193 0.331950 -0.983789 -0.910045
0.317681 0.312629 0.315387 -0.983789 -0.910045
0.331496 0.326435 0.329193 -0.983789 -0.777381
0.482043 0.472737 0.476878 -0.987166 0.364616
0.917127 0.907520 0.911660 -0.729146 -0.602010
0.806632 0.798484 0.801234 -0.904762 -0.497714
-0.088399 -0.095925 -0.093176 -0.553529 0.899996
-0.103587 -0.111106 -0.108348 -0.985816 0.615694
-0.370165 -0.377499 -0.373364 0.257008 -0.418232
-0.319060 -0.327810 -0.323677 -0.987166 -0.126417
0.415745 0.406484 0.410625 -0.891253 0.856615
0.618784 0.609383 0.613524 -0.996623 -0.734673
0.657461 0.646658 0.652174 -0.952043 -0.620510
0.556638 0.547280 0.551412 -0.998649 0.034245
-0.046958 -0.047611 -0.047619 -0.972982 0.723952
0.588403 0.576265 0.581781 -0.991219 -0.028648
-0.404696 -0.416149 -0.410631 -0.952043 -0.550896
-0.515193 -0.526567 -0.521049 -0.830463 -0.771137
0.773483 0.770874 0.770874 -0.911516 -0.497714
-0.512430 -0.523801 -0.518288 -0.864235 -0.638474
0.624312 0.614907 0.619048 -0.984465 0.502006
0.665748 0.653557 0.659072 -0.925025 -0.594197
0.464093 0.454799 0.458932 -0.997974 0.327525
0.469621 0.460323 0.464455 -0.997974 0.353044
0.476524 0.467222 0.471354 -0.991895 0.236006
0.466853 0.457557 0.461689 -0.991895 0.412941
0.470997 0.461698 0.465830 -0.972307 0.330501
0.468237 0.458940 0.463072 -0.991895 0.327525
0.466853 0.457557 0.461689 -0.991895 0.327525
0.566301 0.556936 0.561068 -0.994596 -0.022758
0.560781 0.551420 0.555553 -0.998649 0.076953
0.562157 0.552795 0.556928 -0.998649 -0.020815
0.055253 0.047627 0.050377 -0.810199 0.460188
-0.998619 -0.998617 -0.998617 -0.958798 -0.640851
-1.000000 -1.000000 -1.000000 -0.958798 -0.683559
0.915751 0.915810 0.914427 -0.958798 -0.816223
0.809392 0.809524 0.808141 -0.877744 -0.775676
-0.990331 -0.990335 -0.990335 -0.958798 -0.561660
0.930942 0.930990 0.929607 -0.958798 -0.683559
-1.000000 -1.000000 -1.000000 -0.958798 -0.375524
-0.994475 -0.994476 -0.994476 -0.958798 -0.418232
-0.998619 -0.998617 -0.998617 -0.958798 -0.253625
-0.998619 -0.998617 -0.998617 -0.958798 -0.508188
-0.994475 -0.994476 -0.994476 -0.958798 -0.375524
-0.993094 -0.993101 -0.993101 -0.958798 -0.320464
-0.991713 -0.991718 -0.991718 -0.958798 -0.375524
-0.994475 -0.994476 -0.994476 -0.958798 -0.242861
-1.000000 -1.000000 -1.000000 -0.958798 -0.640851
-1.000000 -1.000000 -1.000000 -0.958798 -0.508188
-1.000000 -1.000000 -1.000000 -0.958798 -0.585791
-0.993094 -0.993101 -0.993101 -0.958798 -0.320464
0.676795 0.677019 0.675636 -0.985140 -0.683559
0.697513 0.694965 0.694957 -0.987166 -0.784888
-0.045579 -0.044853 -0.046244 -0.993921 0.720085
-0.052482 -0.051752 -0.053143 -0.993921 0.768223
-0.149173 -0.148381 -0.149764 -0.993921 0.813907
-0.146405 -0.145615 -0.146998 -0.936508 0.544714
-0.150549 -0.149756 -0.151139 -0.993921 0.587422
-0.150549 -0.149756 -0.151139 -0.885849 0.634669
-0.151933 -0.151139 -0.152522 -0.975008 0.634669
-0.151933 -0.151139 -0.152522 -0.993921 0.722463
-0.154692 -0.153896 -0.155280 -0.993921 0.677377
0.053872 0.049002 0.051760 -0.789936 0.589799
-0.429557 -0.428571 -0.428577 -0.896657 0.771199
-0.696133 -0.703246 -0.699103 -0.877744 0.734426
0.669892 0.670120 0.670112 -0.938534 -0.820089
0.640886 0.639752 0.639752 -0.904762 -0.518952
0.638127 0.636994 0.636994 -0.904762 -0.694323
0.629839 0.628712 0.628712 -0.904762 -0.476244
0.627071 0.625946 0.625946 -0.904762 -0.476244
0.633983 0.632853 0.632853 -0.789936 -0.651615
0.620168 0.619048 0.619048 -0.553529 -0.386288
0.606353 0.605242 0.605242 -0.904762 -0.210917
0.147789 0.146998 0.146990 -0.908815 0.691862
0.360502 0.360944 0.360936 -0.952043 0.640913
0.359118 0.359561 0.359553 -0.952043 0.548580
0.435079 0.435470 0.435470 -0.939885 0.809368
0.430936 0.431329 0.431329 -0.991895 0.638536
0.430936 0.431329 0.431329 -0.939885 0.505872
0.428176 0.428571 0.428571 -0.991895 0.638536
0.595306 0.595586 0.595578 -0.991895 -0.863470
0.602209 0.602484 0.602476 -0.991895 -0.688099
1.000000 1.000000 1.000000 -0.974333 0.813907
0.254148 0.253284 0.253275 -0.789936 0.723952
0.131215 0.130435 0.130427 -0.983789 0.903862
-0.046958 -0.047611 -0.047619 -0.972982 0.681244
0.016576 0.015876 0.015867 -0.519757 0.725515
0.013817 0.013118 0.013110 -0.269841 0.725515
0.013817 0.013118 0.013110 -0.904762 0.640913
0.436463 0.435478 0.435470 -0.933806 0.636374
0.788674 0.783304 0.784679 -0.850726 -0.465480
0.773483 0.768124 0.769499 -0.904762 -0.559302
0.205800 0.203586 0.203586 0.324553 0.816285
0.207184 0.204969 0.204969 -0.688619 0.495108
-0.917127 -0.918559 -0.918567 -0.789936 -0.813255
-0.917127 -0.918559 -0.918567 -0.789936 -0.906178
-0.914365 -0.915801 -0.915810 -0.789936 -0.785867
-0.918508 -0.919942 -0.919950 -0.789936 -0.785867
0.957188 0.953077 0.954451 -0.789936 -0.543083
0.955804 0.951694 0.953068 -0.789936 -0.543083
0.205800 0.203586 0.203586 0.324553 0.816285
0.207184 0.204969 0.204969 -0.688619 0.495108
-0.917127 -0.918559 -0.918567 -0.789936 -0.813255
-0.917127 -0.918559 -0.918567 -0.789936 -0.906178
-0.914365 -0.915801 -0.915810 -0.789936 -0.785867
-0.918508 -0.919942 -0.919950 -0.789936 -0.785867
0.957188 0.953077 0.954451 -0.789936 -0.543083
0.955804 0.951694 0.953068 -0.789936 -0.543083
0.287298 0.279511 0.283644 -0.114488 0.459298
-0.422651 -0.431329 -0.427197 -0.958798 -0.726860
-0.425413 -0.434087 -0.429957 -0.952043 -0.599042
-0.399170 -0.407867 -0.403733 -0.918271 -0.024781
-0.446131 -0.454791 -0.450661 -0.952043 -0.948886
0.965475 0.961358 0.962733 -0.911516 -0.816223
-0.214088 -0.220147 -0.217397 -0.901385 0.768223
-0.287292 -0.293300 -0.290545 -0.864235 0.415917
0.661605 0.653557 0.656315 -0.982438 -0.527690
-0.813536 -0.824704 -0.819188 -0.918271 -0.816223
0.607737 0.595586 0.601101 -0.918271 -0.550896
-0.866022 -0.875768 -0.871636 -0.995272 0.529984
0.624312 0.612149 0.617665 -0.884498 -0.469346
0.841166 0.828853 0.834369 -0.877744 -0.602010
0.629839 0.617673 0.623188 -0.877744 -0.469346
0.625696 0.616290 0.620422 -0.904762 -0.773515
0.529008 0.521052 0.525193 -0.148261 0.150590
0.502762 0.494824 0.498965 -0.418440 0.771199
-0.074587 -0.079362 -0.076613 -0.987166 0.138910
0.273479 0.273979 0.273979 -0.979061 -0.816223
0.433704 0.431329 0.431329 -0.452212 0.760435
-0.060775 -0.060041 -0.060050 0.155691 0.528415
0.714088 0.711528 0.711520 -0.884498 -0.863470
0.723759 0.711528 0.717043 -0.945289 -0.373147
0.633983 0.624571 0.628704 -0.553529 0.284816
0.596690 0.585921 0.591437 -0.553529 0.279387
0.672651 0.672878 0.671495 -0.904762 -0.644718
0.712712 0.712911 0.711528 -0.904762 -0.602010
0.715472 0.715669 0.714286 -0.904762 -0.602010
-0.426795 -0.425805 -0.427197 -0.979061 -0.694323
0.625696 0.625954 0.624571 -0.864235 -0.688099
0.627071 0.627329 0.627329 -0.796690 -0.411909
0.618784 0.619048 0.617665 -0.991219 -0.615931
0.621552 0.621814 0.620431 -0.991219 -0.841517
0.860500 0.860596 0.859205 -0.981087 0.591961
0.866027 0.866120 0.864729 -0.981087 0.634669
0.639511 0.635619 0.636994 -0.891253 -0.906178
0.617400 0.616290 0.616282 -0.945289 -0.561660
0.529008 0.527959 0.527950 -0.904762 0.371720
-0.520718 -0.522427 -0.522435 -0.958798 -0.497714
0.128452 0.126294 0.126286 -0.958798 0.502615
0.580107 0.577640 0.577631 -0.958798 0.146723
0.611881 0.609391 0.609383 -0.958798 -0.476244
-0.622928 -0.625946 -0.624574 -0.864235 -0.418232
0.272101 0.269847 0.271222 -0.991219 0.461002
-0.924034 -0.928224 -0.926849 -0.904762 -0.594197
-0.924034 -0.928224 -0.926849 -0.850726 -0.297921
-0.925414 -0.929598 -0.928224 -0.850726 -0.448826
0.950284 0.946178 0.947553 -0.830463 -0.169125
-0.926796 -0.930981 -0.929607 -0.830463 -0.653203
0.940613 0.936513 0.937888 -0.830463 -0.391744
0.940613 0.936513 0.937888 -0.796690 -0.126417
0.939229 0.935130 0.936505 -0.837217 -0.106252
0.939229 0.935130 0.936505 -0.810199 -0.366187
0.939229 0.935130 0.936505 -0.810199 -0.036462
0.939229 0.935130 0.936505 -0.837217 -0.187367
0.939229 0.935130 0.936505 -0.810199 -0.233523
0.937854 0.933756 0.935130 -0.904762 -0.106252
0.939229 0.935130 0.936505 -0.810199 0.006247
0.918511 0.914427 0.915801 -0.729146 -0.475454
0.919895 0.915810 0.917184 -0.796690 -0.106252
0.937854 0.933756 0.935130 -0.904762 -0.281623
0.918511 0.914427 0.915801 -0.729146 -0.536404
0.917135 0.913052 0.914427 -0.519757 -0.036462
0.915751 0.911669 0.913043 -0.519757 -0.148960
0.901936 0.897863 0.899238 -0.904762 -0.320030
0.915751 0.911669 0.913043 -0.519757 -0.281623
0.901936 0.897863 0.899238 -0.904762 -0.391744
0.897793 0.893723 0.895097 -0.904762 -0.211833
0.897793 0.893723 0.895097 -0.904762 -0.148960
0.895033 0.890965 0.892340 -0.904762 0.006247
0.864643 0.860596 0.861971 -0.114488 -0.071356
0.860500 0.856455 0.857830 -0.269841 -0.211891
0.845309 0.841275 0.842650 -0.904762 -0.148960
0.828735 0.824712 0.826087 -0.891253 -0.301788
0.842550 0.838518 0.839892 -0.904762 -0.391744
0.828735 0.824712 0.826087 -0.904762 0.006247
0.828735 0.824712 0.826087 -0.891253 -0.391744
0.825975 0.821954 0.823329 -0.904762 -0.391744
0.825975 0.821954 0.823329 -0.904762 -0.344496
0.824591 0.820571 0.821946 -0.904762 -0.281623
0.806632 0.802625 0.804000 -0.904762 -0.083709
0.824591 0.820571 0.821946 -0.904762 -0.126417
0.803873 0.799867 0.801242 -0.904762 0.006247
0.806632 0.802625 0.804000 -0.904762 -0.106252
0.805257 0.801251 0.802625 -0.904762 -0.126417
0.801113 0.797110 0.798484 -0.904762 -0.301788
0.796969 0.792969 0.794344 -0.904762 -0.499940
0.796969 0.792969 0.794344 -0.904762 -0.370725
0.773483 0.769499 0.770874 -0.904762 0.006247
0.772107 0.768124 0.769499 -0.729146 -0.233523
0.772107 0.768124 0.769499 -0.891253 -0.391744
0.770723 0.766741 0.768116 -0.904762 -0.148960
0.767964 0.763983 0.765358 -0.904762 -0.208559
0.761052 0.757077 0.758451 -0.904762 -0.657070
0.759676 0.755702 0.757077 -0.891253 -0.461533
0.755533 0.751561 0.752936 -0.904762 -0.370725
0.752765 0.748795 0.750170 -0.904762 -0.306327
0.390883 0.381640 0.385781 -0.749409 0.681244
0.725143 0.715669 0.719810 -0.864235 -0.428996
0.066297 0.055901 0.061416 -0.864235 0.649010
0.067681 0.057284 0.062799 -0.850726 0.649010
0.069065 0.058667 0.064182 -0.810199 0.691718
0.636743 0.624571 0.630087 -0.973658 -0.960259
0.513817 0.507246 0.510004 -0.973658 0.481840
0.045579 0.040720 0.042095 0.020601 0.760435
0.005526 0.000696 0.002070 -0.904762 0.852749
-0.002761 -0.007586 -0.006211 -0.904762 0.942704
0.022101 0.017259 0.018634 -0.114488 0.850390
-0.001377 -0.006203 -0.004828 -0.877744 0.810040
-0.002761 -0.007586 -0.006211 -0.904762 0.895457
0.020717 0.015876 0.017251 -0.904762 0.935807
0.875690 0.873019 0.873010 -0.864235 -0.463891
0.607737 0.605251 0.605242 -0.702128 0.177672
-0.917127 -0.917176 -0.917184 -0.796690 0.371047
-0.915746 -0.915801 -0.915810 -0.904762 0.568745
-0.709944 -0.710137 -0.710147 -0.972982 0.591961
-0.716851 -0.717043 -0.717049 -0.866261 0.548580
0.330115 0.330576 0.329193 -0.384667 0.683621
0.328731 0.329193 0.327810 -0.904762 0.816285
0.733431 0.733615 0.732232 -0.995272 -0.515600
-0.330109 -0.330567 -0.330578 -0.904762 -1.000000
0.087015 0.082128 0.084878 -0.975684 0.636374
0.087015 0.082128 0.084878 -0.896657 0.593666
0.085639 0.080754 0.083503 -0.935832 0.668971
0.084255 0.079371 0.082120 -0.983789 0.626263
0.910224 0.906145 0.907520 -0.991895 0.412050
0.910224 0.906145 0.907520 -0.991895 0.412050
0.912983 0.908903 0.910277 -0.991895 0.369342
0.908840 0.904762 0.906137 -0.975008 0.407511
0.906080 0.902004 0.903379 -0.991895 0.454758
0.906080 0.902004 0.903379 -0.991895 0.412050
0.078731 0.077988 0.077979 -0.972982 0.724624
0.071828 0.071089 0.071081 -0.972982 0.767332
0.071828 0.071089 0.071081 -0.972982 0.677377
0.070444 0.069706 0.069698 -0.934482 0.768223
0.073203 0.072464 0.072455 -0.972982 0.677377
0.077347 0.076605 0.076596 -0.972982 0.677377
0.071828 0.071089 0.071081 -0.972982 0.810040
0.069060 0.068323 0.068315 -0.972982 0.767332
0.817679 0.815048 0.816422 -0.932455 -0.795623
0.694754 0.690824 0.692199 -0.960824 -0.812276
-0.783149 -0.781913 -0.781921 -0.983789 0.189431
0.385361 0.381648 0.383023 -0.985816 0.638536
0.426800 0.418915 0.423048 -0.987166 0.617667
0.730663 0.721184 0.725325 -0.891253 -0.574937
0.346684 0.344373 0.344373 -0.993246 0.728491
