11.233300 -0.833300 5.200000 6.100000 10.580494
11.200000 -0.866600 5.166700 7.600000 10.643856
13.016700 0.900000 6.966700 4.100000 8.847997
12.866600 0.666600 6.766600 3.900000 3.555815
4.383330 -7.683300 -1.650000 7.900000 13.643856
4.400030 -7.666600 -1.633300 7.900000 14.287712
11.233300 -0.833300 5.200000 6.100000 10.580494
11.200000 -0.866600 5.166700 7.600000 10.643856
13.016700 0.900000 6.966700 4.100000 8.847997
0.333330 -11.816700 -5.749970 28.000000 7.678072
-0.433330 -12.583300 -6.516630 28.000000 5.678072
-0.350000 -12.500000 -6.433300 28.000000 5.292782
0.850000 -11.300000 -5.216670 13.000000 5.321928
4.500030 -7.633300 -1.566600 10.000000 8.918863
13.500000 1.333300 7.416700 24.000000 4.614710
11.766700 -0.400000 5.683400 35.000000 8.596935
12.716600 0.533300 6.616600 55.000000 2.321928
9.883330 -2.233300 3.816700 10.400000 13.321928
0.383330 -11.816700 -5.716700 17.000000 9.906888
0.233330 -11.966700 -5.866700 200.000000 12.643856
16.683300 4.500000 10.600000 4.100000 4.432960
12.183400 0.000000 6.100000 21.000000 6.661778
7.350030 -4.783300 1.283400 16.000000 3.847997
-3.366670 -15.500000 -9.433300 16.000000 14.287712
-3.250000 -15.383300 -9.316630 16.000000 16.368529
11.633400 -0.550000 5.550000 24.000000 3.678072
7.699970 -4.466700 1.616600 5.000000 7.199669
-0.316660 -12.483300 -6.400030 18.000000 6.596935
5.666630 -6.433400 -0.383400 18.000000 4.596935
13.700000 1.633400 7.666700 20.000000 3.936638
-2.316670 -14.466700 -8.383300 16.600000 10.661778
-2.366670 -14.516700 -8.433300 4.500000 11.965784
-2.283340 -14.433400 -8.349970 4.500000 10.965784
9.783300 -2.333400 3.716600 4.500000 12.000000
-6.350000 -18.500000 -12.416700 50.000000 2.000000
16.833400 4.683400 10.766700 35.000000 4.596935
16.783400 4.633400 10.716700 16.000000 4.596935
2.383330 -9.783370 -3.699970 42.000000 12.936638
5.766630 -6.283400 -0.266700 36.000000 14.321928
11.133400 -0.933300 5.100000 45.000000 4.678072
10.433400 -1.716600 4.366700 30.000000 13.287712
9.916670 -2.233300 3.850000 18.000000 15.044736
9.883370 -2.266600 3.816700 23.000000 14.366664
9.999970 -2.150000 3.933300 46.000000 13.884648
9.966670 -2.183300 3.900000 30.000000 13.562719
10.050000 -2.100000 3.983300 16.000000 14.321928
13.216600 1.083300 7.150000 4.300000 3.432959
5.733300 -6.383400 -0.316700 35.000000 9.017922
1.800000 -10.316700 -4.249970 55.000000 13.884648
12.033400 -0.100000 5.966700 4.500000 6.802192
14.183300 2.083300 8.133300 16.000000 2.988776
8.549970 -3.550000 2.500000 3.900000 14.266479
9.583370 -2.516600 3.533400 3.900000 10.270061
7.166630 -4.933400 1.116600 4.300000 3.444932
8.916630 -3.166700 2.883300 15.700000 13.965784
15.133400 2.966700 9.050000 18.000000 4.199669
15.516700 3.350000 9.433300 80.000000 5.029747
13.950000 1.850000 7.900000 35.000000 2.491855
7.466630 -4.616700 1.433300 160.000000 13.299494
13.950000 1.850000 7.900000 35.000000 2.491855
7.466630 -4.616700 1.433300 160.000000 13.299494
5.533370 -6.516600 -0.483300 28.000000 12.977566
-6.833330 -18.916700 -12.883300 7.700000 10.983706
12.666600 0.583300 6.633300 24.000000 6.000000
12.700000 0.616700 6.666700 24.000000 5.906888
3.683330 -8.416700 -2.366700 4.100000 14.497612
13.383400 1.316700 7.350000 22.000000 4.851999
2.166660 -9.899970 -3.866670 300.000000 11.614710
2.133330 -9.933300 -3.900000 300.000000 13.983706
2.033330 -10.033300 -4.000000 105.000000 11.965784
2.116660 -9.949970 -3.916670 300.000000 13.614710
2.000000 -10.066600 -4.033330 28.000000 13.287712
14.033300 1.966700 8.000000 31.000000 5.643856
5.833330 -6.216700 -0.183300 28.000000 14.609640
14.800000 2.700000 8.750000 50.000000 3.017922
13.916600 1.816600 7.866600 50.000000 3.321928
2.833300 -9.216700 -3.200000 10.000000 15.321928
7.816630 -4.250000 1.783300 85.000000 10.614710
0.300000 -11.750000 -5.716630 25.000000 3.678072
5.733370 -6.383300 -0.333300 4.100000 15.006352
5.499970 -6.550000 -0.516700 18.000000 14.661778
5.516670 -6.533300 -0.500000 18.000000 13.965784
-1.250000 -13.300000 -7.283370 11.000000 3.017922
-1.150000 -13.200000 -7.183370 11.000000 4.961338
-1.283330 -13.333300 -7.316700 16.000000 3.017922
15.933300 3.883300 9.900000 4.100000 4.847997
-5.883340 -17.933400 -11.900000 4.100000 3.847997
4.900030 -7.233300 -1.166600 17.400000 14.400879
13.850000 1.783300 7.816600 50.000000 3.017922
14.866700 2.700000 8.783300 20.000000 4.339850
16.700000 4.650000 10.683300 5.000000 11.088788
9.783300 -2.266700 3.766600 16.000000 13.614710
8.849970 -3.233400 2.800000 4.900000 13.643856
9.166670 -2.916700 3.116700 6.500000 14.321928
9.199970 -2.883400 3.150000 4.900000 14.965784
8.899970 -3.183400 2.850000 4.800000 14.643856
8.916670 -3.166700 2.866700 4.800000 14.643856
9.533330 -2.533300 3.500000 19.600000 14.287712
-6.833330 -18.916700 -12.883300 9.400000 11.287712
-6.833330 -18.916700 -12.883300 5.800000 10.552249
-6.833330 -18.916700 -12.883300 5.800000 11.230321
11.816600 -0.266700 5.766600 10.000000 5.078951
-6.833330 -18.916700 -12.883300 5.800000 10.552249
-6.833330 -18.916700 -12.883300 5.800000 11.230321
-6.833330 -18.916700 -12.883300 9.400000 10.287712
-6.833330 -18.916700 -12.883300 13.600000 11.627562
-6.833330 -18.916700 -12.883300 5.800000 10.552249
-6.833330 -18.916700 -12.883300 8.800000 10.661778
-6.833330 -18.916700 -12.883300 12.800000 10.568666
-6.833330 -18.916700 -12.883300 8.800000 10.661778
-6.833330 -18.916700 -12.883300 8.800000 10.983706
-6.833330 -18.916700 -12.883300 5.800000 12.552249
-6.833330 -18.916700 -12.883300 12.100000 11.627562
-6.833330 -18.916700 -12.883300 5.800000 11.874177
-6.833330 -18.916700 -12.883300 12.100000 11.305634
-6.833330 -18.916700 -12.883300 5.800000 10.552249
-6.833330 -18.916700 -12.883300 5.800000 10.552249
-6.833330 -18.916700 -12.883300 17.400000 12.044736
-6.833330 -18.916700 -12.883300 7.700000 11.983706
-6.833330 -18.916700 -12.883300 5.800000 10.874177
-5.550000 -17.733400 -11.650000 6.000000 3.671293
-6.833330 -18.933300 -12.883300 7.700000 3.374066
-6.833330 -18.933300 -12.883300 10.700000 4.000000
-6.833330 -18.933300 -12.883300 5.800000 3.942608
-6.833330 -18.933300 -12.883300 5.800000 2.942608
-6.833330 -18.933300 -12.883300 7.300000 6.695994
-6.833330 -18.933300 -12.883300 5.800000 4.942608
-6.833330 -18.933300 -12.883300 5.800000 4.679574
-6.833330 -18.933300 -12.883300 5.800000 5.942608
-6.833330 -18.933300 -12.883300 6.900000 3.942608
-6.833330 -18.933300 -12.883300 15.700000 6.172061
-6.833330 -18.933300 -12.883300 5.800000 6.643048
-6.833330 -18.933300 -12.883300 7.700000 3.374066
-6.833330 -18.933300 -12.883300 7.300000 3.374066
-6.833330 -18.933300 -12.883300 5.800000 7.264536
-6.833330 -18.933300 -12.883300 5.800000 4.264536
11.250000 -0.800000 5.216700 12.000000 6.965784
7.933370 -4.150000 1.883400 30.000000 14.287712
5.933370 -6.150000 -0.116600 18.000000 13.965784
6.116670 -5.966700 0.066700 100.000000 9.292782
5.983370 -6.100000 -0.066600 24.000000 12.632632
5.866670 -6.216700 -0.183300 18.000000 13.299494
5.483370 -6.616600 -0.566600 6.200000 3.865919
15.183300 2.983300 9.083300 50.000000 5.614710
6.416670 -5.783300 0.316700 24.000000 14.661778
6.416670 -5.783300 0.316700 24.000000 13.299494
13.483300 1.300000 7.383300 22.000000 5.678072
7.933370 -4.200000 1.866700 9.000000 9.643856
7.933370 -4.200000 1.866700 9.000000 9.643856
7.916670 -4.216700 1.850000 9.000000 9.965784
15.050000 2.933300 8.983300 10.000000 6.596935
11.300000 -0.833400 5.233300 6.200000 4.877744
11.516700 -0.616700 5.450000 6.200000 2.970854
6.966630 -5.183400 0.883300 4.300000 13.529675
7.866670 -4.300000 1.783300 9.000000 4.339850
2.766670 -9.416700 -3.316700 18.000000 14.965784
2.733340 -9.450030 -3.350030 18.000000 14.965784
4.066670 -8.050000 -2.000000 80.000000 8.614710
2.816670 -9.366700 -3.266700 18.000000 14.965784
6.399970 -5.800000 0.300000 66.000000 14.562719
10.266700 -1.900000 4.183300 12.000000 14.562719
2.266670 -9.916700 -3.816700 20.000000 13.983706
15.100000 2.933300 9.016600 5.900000 2.695994
14.950000 2.783300 8.866600 7.400000 3.511908
3.666670 -8.500000 -2.416700 4.500000 1.648926
3.649970 -8.516700 -2.433400 4.500000 1.648926
14.966600 2.916600 8.933300 17.000000 5.078951
13.433400 1.266700 7.350000 21.700000 9.344851
13.383400 1.250000 7.316700 10.000000 3.521602
2.716660 -9.349970 -3.316670 11.900000 14.305634
13.883400 1.783400 7.833400 16.000000 13.722808
13.166600 1.050000 7.116600 24.000000 3.292782
13.166600 1.050000 7.116600 24.000000 3.292782
12.383300 0.316700 6.350000 5.900000 5.017054
5.416700 -6.650000 -0.616600 22.000000 4.246742
-0.383330 -12.433300 -6.400030 20.000000 13.643856
-0.416670 -12.466700 -6.433370 140.000000 13.609640
5.333300 -6.733400 -0.700000 70.000000 6.954560
-0.400000 -12.450000 -6.416700 15.000000 13.643856
2.200000 -9.850030 -3.816630 200.000000 12.299494
4.633300 -7.433400 -1.400000 70.000000 11.614710
4.650000 -7.416700 -1.383300 70.000000 11.614710
7.400030 -4.683300 1.366700 24.000000 4.310704
3.683300 -8.383400 -2.350000 123.000000 13.931569
4.116630 -7.966700 -1.916700 3.900000 12.851202
3.600030 -8.483300 -2.433300 6.200000 14.287712
3.616630 -8.466700 -2.416700 8.300000 15.983706
12.683400 0.633400 6.650000 16.000000 3.643856
2.016660 -10.050000 -4.016670 55.000000 10.936638
2.000000 -10.066600 -4.033330 26.000000 12.614710
1.983330 -10.083300 -4.050000 42.000000 11.292782
0.633340 -11.433300 -5.400030 16.000000 15.965784
0.416670 -11.650000 -5.616700 16.000000 15.609640
0.300000 -11.766700 -5.733370 16.000000 13.258566
-0.016660 -12.083300 -6.050030 46.000000 8.344295
-0.233330 -12.300000 -6.266700 16.000000 5.292782
-0.500000 -12.566700 -6.533370 16.000000 3.596935
-0.233330 -12.300000 -6.266700 16.000000 5.614710
0.000000 -12.066700 -6.033370 46.000000 9.287712
-0.383330 -12.450000 -6.416700 16.000000 3.596935
-0.700000 -12.766700 -6.733370 16.000000 3.596935
-0.816660 -12.883300 -6.850030 16.000000 3.596935
1.866660 -10.216700 -4.166670 17.000000 15.722808
1.883330 -10.200000 -4.150000 17.000000 15.240791
1.883330 -10.200000 -4.150000 17.000000 15.240791
1.983330 -10.100000 -4.050000 17.000000 15.240791
14.116700 2.066700 8.100000 28.000000 5.292782
12.700000 0.633400 6.666700 4.300000 3.432959
1.500000 -10.550000 -4.516630 6.000000 11.643856
1.416660 -10.633400 -4.599970 20.000000 12.765286
1.416660 -10.633400 -4.599970 6.000000 12.321928
1.416660 -10.633400 -4.599970 5.000000 12.614710
1.383330 -10.666700 -4.633300 8.000000 13.258566
15.266600 3.183300 9.233300 11.000000 4.596935
9.450030 -2.700000 3.383400 5.900000 11.662464
10.383300 -1.666700 4.350000 16.000000 13.562719
3.383300 -8.816700 -2.716700 21.000000 12.614710
7.683370 -4.366600 1.650000 18.000000 14.562719
7.833370 -4.216600 1.800000 18.000000 13.965784
7.366670 -4.683300 1.333300 18.000000 12.965784
15.566600 3.516600 9.550000 18.000000 5.321928
16.266700 4.216700 10.250000 18.000000 2.988776
11.000000 -1.050000 4.983300 50.000000 11.643856
11.550000 -0.500000 5.533300 48.000000 4.596935
12.716700 0.666700 6.700000 48.000000 4.970854
12.550000 0.500000 6.533300 17.000000 3.596935
11.516700 -0.533300 5.500000 50.000000 4.000000
11.866700 -0.183300 5.850000 24.000000 4.321928
11.766700 -0.283300 5.750000 17.000000 3.678072
14.733300 2.666700 8.700000 6.500000 12.643856
6.066670 -6.000000 0.033300 18.000000 14.287712
6.200030 -5.866600 0.166700 35.000000 5.339850
12.566700 0.416700 6.483300 12.000000 4.000000
8.366670 -3.716700 2.316700 18.000000 15.643856
12.533400 0.366700 6.450000 35.000000 5.017922
12.466700 0.300000 6.383300 50.000000 5.017922
8.783300 -3.316700 2.733300 22.000000 15.258566
9.033300 -3.100000 2.966600 4.100000 13.491853
10.516600 -1.583400 4.466600 17.000000 8.568670
12.783400 0.666700 6.733400 3.900000 10.526069
11.583400 -0.550000 5.516700 11.000000 9.562719
11.583400 -0.550000 5.516700 11.000000 9.755365
11.583400 -0.550000 5.516700 11.000000 10.240791
-5.833330 -18.000000 -11.916600 34.000000 2.315149
12.016700 -0.150000 5.933300 42.000000 10.965784
11.700000 -0.466700 5.616600 270.000000 11.609640
8.233370 -3.933300 2.150000 18.000000 14.258566
8.516670 -3.650000 2.433300 18.000000 14.643856
7.866670 -4.300000 1.783300 3.900000 9.877745
11.650000 -0.516700 5.566700 200.000000 11.614710
12.866600 0.666600 6.766600 3.900000 3.555815
12.433300 0.266600 6.350000 24.000000 5.321928
-1.616670 -13.783400 -7.699970 4.900000 11.174926
-1.666670 -13.833400 -7.749970 7.000000 12.643856
-1.650000 -13.816700 -7.733300 4.600000 12.088788
10.700000 -1.483400 4.600000 10.700000 13.614710
10.800000 -1.383400 4.700000 7.500000 14.598416
10.550000 -1.650000 4.450000 17.000000 10.661778
10.483300 -1.716700 4.383300 17.000000 15.321928
11.750000 -0.433300 5.650000 47.500000 11.299494
12.416700 0.216700 6.316700 3.900000 4.555815
12.416700 0.216700 6.316700 3.900000 3.877744
5.033300 -7.166700 -1.066700 4.000000 15.289495
12.783300 0.583300 6.683300 18.000000 2.655638
13.233300 1.033300 7.133300 7.300000 3.813781
13.116600 0.916600 7.016600 3.900000 3.555815
13.033300 0.833300 6.933300 7.300000 6.831703
13.183300 0.983300 7.083300 7.300000 3.787250
13.033300 0.833300 6.933300 7.300000 3.566358
13.250000 1.050000 7.150000 7.300000 4.491853
13.216600 1.016600 7.116600 7.300000 3.530071
13.033300 0.833300 6.933300 7.300000 3.187847
13.050000 0.850000 6.950000 7.300000 3.772809
12.833300 0.633300 6.733300 8.300000 4.865919
12.866600 0.666600 6.766600 3.900000 3.555815
12.266600 0.066600 6.166600 24.000000 7.000000
-0.366660 -12.550000 -6.450030 40.000000 5.049805
13.433300 1.233300 7.333300 17.000000 4.292782
-5.816670 -18.016700 -11.916700 18.000000 13.562719
-5.700000 -17.900000 -11.800000 18.000000 12.825751
12.833300 0.650000 6.733300 32.500000 3.017922
4.533330 -7.533300 -1.500000 35.000000 12.614710
0.366670 -11.833300 -5.733330 12.000000 11.965784
0.250000 -11.950000 -5.850000 16.000000 11.965784
11.200000 -0.866700 5.166600 35.000000 13.627562
0.516670 -11.650000 -5.566630 82.000000 14.965784
0.250000 -11.916700 -5.833300 32.000000 11.321928
-0.183330 -12.350000 -6.266630 24.000000 4.596935
0.333330 -11.833400 -5.749970 93.000000 12.643856
-0.150000 -12.316700 -6.233300 55.000000 4.596935
0.166670 -12.000000 -5.916630 28.000000 11.700439
11.416700 -0.700000 5.350000 16.000000 7.877746
11.416700 -0.700000 5.350000 27.000000 6.877746
11.383400 -0.733300 5.316700 30.000000 5.936638
11.383400 -0.733300 5.316700 27.000000 7.555818
11.366700 -0.750000 5.300000 35.000000 6.555818
11.383400 -0.733300 5.316700 16.000000 11.287712
11.216700 -0.900000 5.150000 16.000000 8.292782
11.216700 -0.900000 5.150000 16.000000 8.292782
10.900000 -1.216700 4.833300 16.000000 12.954560
2.400000 -9.716670 -3.666670 16.000000 14.983706
2.366670 -9.750000 -3.700000 16.000000 15.643856
2.333340 -9.783330 -3.733330 20.000000 14.643856
11.266700 -0.866700 5.200000 16.000000 7.643856
12.033300 -0.083300 5.983300 11.300000 7.983706
5.900030 -6.150000 -0.133300 20.000000 8.978994
14.800000 2.683300 8.733300 4.100000 8.258566
12.466600 0.350000 6.416600 5.700000 3.558126
9.166630 -2.933400 3.116600 22.000000 12.287712
10.416600 -1.650000 4.383300 135.000000 12.321928
7.299970 -4.883400 1.216600 6.300000 15.240791
4.833300 -7.266700 -1.216700 20.000000 9.906888
4.733300 -7.366700 -1.316700 16.000000 10.258566
14.383300 2.283300 8.333300 22.000000 3.400879
3.549970 -8.500000 -2.483400 55.000000 13.918863
3.549970 -8.500000 -2.483400 55.000000 14.562719
3.483370 -8.566600 -2.550000 67.000000 14.240791
10.716600 -1.350000 4.683300 17.000000 10.199669
1.000000 -11.183400 -5.083370 32.000000 11.632632
0.666670 -11.516700 -5.416700 26.000000 12.661778
-0.033330 -12.216700 -6.116700 24.000000 7.339850
9.966670 -2.100000 3.933300 55.000000 6.173927
2.933300 -9.133400 -3.100000 35.000000 4.936638
2.666670 -9.400030 -3.366630 16.000000 4.240791
2.533330 -9.533370 -3.499970 30.000000 5.047669
2.683330 -9.383370 -3.349970 16.000000 4.936638
7.333370 -4.850000 1.250000 6.300000 14.596935
-1.000000 -13.050000 -7.016630 45.000000 14.359818
2.366670 -9.683300 -3.666700 19.000000 12.936638
8.816700 -3.233300 2.783400 15.000000 12.614710
9.066700 -3.000000 3.033400 50.000000 12.936638
9.050000 -3.016700 3.016700 29.000000 13.936638
16.050000 3.983300 10.016700 16.000000 5.017922
15.300000 3.250000 9.283300 15.000000 6.321928
14.916700 2.866700 8.900000 10.000000 6.321928
15.433400 3.383400 9.416700 16.000000 6.321928
15.133400 3.083400 9.116700 22.000000 6.321928
15.600000 3.550000 9.583300 16.000000 6.321928
14.800000 2.750000 8.783300 22.000000 6.321928
1.950000 -10.116700 -4.083370 18.000000 5.610433
2.016670 -10.050000 -4.016700 22.000000 4.288505
1.733340 -10.333300 -4.300030 20.000000 7.851225
5.950030 -6.166600 -0.100000 24.000000 5.678072
5.299970 -6.766700 -0.733400 11.000000 15.609640
12.650000 0.566600 6.616600 20.000000 3.531069
12.650000 0.566600 6.616600 20.000000 3.531069
12.616700 0.533300 6.583300 20.000000 2.852998
12.200000 0.116600 6.166600 20.000000 4.852998
12.150000 0.066600 6.116600 20.000000 4.174926
12.083400 0.000000 6.050000 4.400000 4.614710
13.816700 1.716700 7.766700 30.000000 7.432959
14.100000 2.016600 8.066600 50.000000 6.906892
12.700000 0.600000 6.650000 18.000000 4.199669
11.700000 -0.416600 5.650000 15.000000 11.643856
9.016700 -3.100000 2.966700 6.300000 4.555813
9.116700 -3.000000 3.066700 6.300000 3.970854
9.000000 -3.116700 2.950000 6.300000 1.970854
8.800000 -3.316700 2.750000 6.300000 1.970854
8.966700 -3.150000 2.916700 6.300000 2.970854
10.783300 -1.383400 4.700000 5.800000 11.579086
16.033300 3.866600 9.950000 44.000000 4.292782
14.700000 2.550000 8.616600 18.000000 5.078951
3.899970 -8.250000 -2.183400 70.000000 15.614710
3.716700 -8.433300 -2.366600 6.000000 13.471676
0.500000 -11.650000 -5.566670 190.000000 5.678072
1.116670 -11.050000 -4.966700 5.800000 7.877741
9.983300 -2.183400 3.900000 20.000000 15.287712
12.433300 0.266600 6.350000 4.400000 3.292782
12.900000 0.716700 6.816700 11.000000 4.153328
11.683400 -0.483300 5.600000 4.100000 9.088788
4.400030 -7.666600 -1.633300 7.900000 14.287712
12.066700 -0.133300 5.966700 5.200000 8.614710
0.083330 -12.116700 -6.016670 11.000000 4.678072
-1.250000 -13.450000 -7.349970 29.000000 3.017922
14.300000 2.216600 8.250000 17.000000 5.078951
-1.216660 -13.416600 -7.316630 24.000000 4.017922
12.500000 0.333300 6.416700 6.200000 12.614710
13.000000 0.800000 6.900000 15.000000 4.351675
10.566700 -1.600000 4.483300 4.200000 11.299494
10.633400 -1.533300 4.550000 4.200000 11.491853
10.716700 -1.450000 4.633300 5.100000 10.609640
10.600000 -1.566700 4.516600 5.100000 11.943350
10.650000 -1.516700 4.566600 8.000000 11.321928
10.616700 -1.550000 4.533300 5.100000 11.299494
10.600000 -1.566700 4.516600 5.100000 11.299494
11.800000 -0.366700 5.716600 4.700000 8.659105
11.733400 -0.433300 5.650000 4.100000 9.410716
11.750000 -0.416700 5.666600 4.100000 8.673752
5.633370 -6.516600 -0.450000 32.000000 12.299494
-7.083330 -19.150000 -13.116600 10.000000 4.000000
-7.100000 -19.166700 -13.133300 10.000000 3.678072
16.016700 3.966700 9.983400 10.000000 2.678072
14.733300 2.683300 8.700000 22.000000 2.983706
-6.983330 -19.050000 -13.016600 10.000000 4.596935
16.200000 4.150000 10.166700 10.000000 3.678072
-7.100000 -19.166700 -13.133300 10.000000 6.000000
-7.033330 -19.100000 -13.066600 10.000000 5.678072
-7.083330 -19.150000 -13.116600 10.000000 6.918863
-7.083330 -19.150000 -13.116600 10.000000 5.000000
-7.033330 -19.100000 -13.066600 10.000000 6.000000
-7.016670 -19.083400 -13.050000 10.000000 6.415037
-7.000000 -19.066700 -13.033300 10.000000 6.000000
-7.033330 -19.100000 -13.066600 10.000000 7.000000
-7.100000 -19.166700 -13.133300 10.000000 4.000000
-7.100000 -19.166700 -13.133300 10.000000 5.000000
-7.100000 -19.166700 -13.133300 10.000000 4.415037
-7.016670 -19.083400 -13.050000 10.000000 6.415037
13.133300 1.083300 7.100000 6.100000 3.678072
13.383300 1.300000 7.333300 5.800000 2.914270
4.416670 -7.633300 -1.616700 4.800000 14.258566
4.333370 -7.716600 -1.700000 4.800000 14.621422
3.166630 -8.883400 -2.866700 4.800000 14.965784
3.200030 -8.850000 -2.833300 13.300000 12.936638
3.150030 -8.900000 -2.883300 4.800000 13.258566
3.150030 -8.900000 -2.883300 20.800000 13.614710
3.133330 -8.916700 -2.900000 7.600000 13.614710
3.133330 -8.916700 -2.900000 4.800000 14.276488
3.100030 -8.950000 -2.933300 4.800000 13.936638
5.616700 -6.500000 -0.433300 35.000000 13.276488
-0.216670 -12.266700 -6.233370 19.200000 14.643856
-3.433340 -15.583400 -9.499970 22.000000 14.366664
13.050000 1.000000 7.033300 13.000000 2.648926
12.700000 0.633300 6.666700 18.000000 4.918863
12.666700 0.600000 6.633400 18.000000 3.596935
12.566700 0.500000 6.533400 18.000000 5.240791
12.533300 0.466600 6.500000 18.000000 5.240791
12.616700 0.550000 6.583400 35.000000 3.918863
12.450000 0.383300 6.416700 70.000000 5.918863
12.283300 0.216600 6.250000 18.000000 7.240791
6.749970 -5.316700 0.716600 17.400000 14.045826
9.316700 -2.733300 3.300000 11.000000 13.661778
9.300000 -2.750000 3.283300 11.000000 12.965784
10.216600 -1.833400 4.200000 12.800000 14.931569
10.166600 -1.883400 4.150000 5.100000 13.643856
10.166600 -1.883400 4.150000 12.800000 12.643856
10.133300 -1.916700 4.116700 5.100000 13.643856
12.150000 0.100000 6.133300 5.100000 2.321928
12.233300 0.183300 6.216600 5.100000 3.643856
17.033300 4.983300 11.016700 7.700000 14.965784
8.033370 -4.033300 2.000000 35.000000 14.287712
6.549970 -5.516700 0.516600 6.300000 15.643856
4.400030 -7.666600 -1.633300 7.900000 13.965784
5.166670 -6.900000 -0.866700 75.000000 14.299494
5.133370 -6.933300 -0.900000 112.000000 14.299494
5.133370 -6.933300 -0.900000 18.000000 13.661778
10.233300 -1.833300 4.200000 13.700000 13.627562
14.483300 2.366700 8.416700 26.000000 5.321928
14.300000 2.183400 8.233400 18.000000 4.614710
7.449970 -4.633400 1.400000 200.000000 14.983706
7.466670 -4.616700 1.416700 50.000000 12.562719
-6.100000 -18.183300 -12.150000 35.000000 2.700439
-6.100000 -18.183300 -12.150000 35.000000 2.000000
-6.066670 -18.150000 -12.116700 35.000000 2.906890
-6.116670 -18.200000 -12.166700 35.000000 2.906890
16.516700 4.416700 10.466700 35.000000 4.736966
16.500000 4.400000 10.450000 35.000000 4.736966
7.449970 -4.633400 1.400000 200.000000 14.983706
7.466670 -4.616700 1.416700 50.000000 12.562719
-6.100000 -18.183300 -12.150000 35.000000 2.700439
-6.100000 -18.183300 -12.150000 35.000000 2.000000
-6.066670 -18.150000 -12.116700 35.000000 2.906890
-6.116670 -18.200000 -12.166700 35.000000 2.906890
16.516700 4.416700 10.466700 35.000000 4.736966
16.500000 4.400000 10.450000 35.000000 4.736966
8.433370 -3.716600 2.366700 135.000000 12.292782
-0.133330 -12.300000 -6.216700 10.000000 3.351675
-0.166660 -12.333300 -6.250030 11.000000 4.315149
0.150000 -12.016700 -5.933370 16.000000 8.643856
-0.416660 -12.583300 -6.500030 11.000000 1.678072
16.616700 4.516700 10.566700 17.000000 2.678072
2.383330 -9.749970 -3.683370 18.500000 14.621422
1.500000 -10.633300 -4.566630 24.000000 11.965784
12.950000 0.800000 6.866700 6.500000 4.852998
-4.850000 -17.050000 -10.950000 16.000000 2.678072
12.300000 0.100000 6.200000 16.000000 4.678072
-5.483330 -17.666600 -11.583300 4.600000 12.825607
12.500000 0.300000 6.400000 21.000000 5.292782
15.116700 2.916700 9.016700 22.000000 4.292782
12.566700 0.366700 6.466700 22.000000 5.292782
12.516700 0.350000 6.433300 18.000000 3.000000
11.350000 -0.800000 5.283400 130.000000 9.965784
11.033300 -1.116700 4.966700 90.000000 14.643856
4.066630 -8.050000 -1.983400 5.800000 9.877741
8.266630 -3.783400 2.250000 7.000000 2.678072
10.200000 -1.883400 4.150000 85.000000 14.562719
4.233300 -7.816700 -1.783400 175.000000 12.813781
13.583300 1.500000 7.533300 21.000000 2.321928
13.700000 1.500000 7.600000 12.000000 6.017922
12.616700 0.450000 6.533300 70.000000 10.977566
12.166700 -0.016700 6.083300 70.000000 10.936638
13.083300 1.033300 7.050000 18.000000 3.970854
13.566700 1.516700 7.533400 18.000000 4.292782
13.600000 1.550000 7.566700 18.000000 4.292782
-0.183330 -12.233300 -6.216700 7.000000 3.596935
12.516700 0.466700 6.483400 24.000000 3.643856
12.533300 0.483300 6.516700 34.000000 5.725738
12.433300 0.383300 6.400000 5.200000 4.187847
12.466700 0.416700 6.433400 5.200000 2.487407
15.350000 3.300000 9.316600 6.700000 13.292782
15.416700 3.366700 9.383300 6.700000 13.614710
12.683400 0.583400 6.633400 20.000000 2.000000
12.416600 0.350000 6.383300 12.000000 4.596935
11.350000 -0.716600 5.316700 18.000000 11.632632
-1.316670 -13.400000 -7.366700 10.000000 5.078951
6.516630 -5.566700 0.466600 10.000000 12.619303
11.966600 -0.116700 5.916600 10.000000 9.936638
12.350000 0.266700 6.300000 10.000000 5.240791
-2.550000 -14.650000 -8.600030 24.000000 5.678072
8.250000 -3.833300 2.216700 5.200000 12.305634
-6.183340 -18.300000 -12.250000 18.000000 4.351677
-6.183340 -18.300000 -12.250000 26.000000 6.584964
-6.200000 -18.316600 -12.266600 26.000000 5.447460
16.433400 4.333400 10.383400 29.000000 7.555813
-6.216670 -18.333300 -12.283300 29.000000 3.906892
16.316700 4.216700 10.266700 29.000000 5.877741
16.316700 4.216700 10.266700 34.000000 7.877741
16.300000 4.200000 10.250000 28.000000 8.029744
16.300000 4.200000 10.250000 32.000000 6.070386
16.300000 4.200000 10.250000 32.000000 8.555813
16.300000 4.200000 10.250000 28.000000 7.418310
16.300000 4.200000 10.250000 32.000000 7.070386
16.283400 4.183400 10.233400 18.000000 8.029744
16.300000 4.200000 10.250000 32.000000 8.877741
16.050000 3.950000 10.000000 44.000000 5.246742
16.066700 3.966700 10.016700 34.000000 8.029744
16.283400 4.183400 10.233400 18.000000 6.707816
16.050000 3.950000 10.000000 44.000000 4.787310
16.033400 3.933400 9.983400 75.000000 8.555813
16.016700 3.916700 9.966700 75.000000 7.707816
15.850000 3.750000 9.800000 18.000000 6.418310
16.016700 3.916700 9.966700 75.000000 6.707816
15.850000 3.750000 9.800000 18.000000 5.877741
15.800000 3.700000 9.750000 18.000000 7.233885
15.800000 3.700000 9.750000 18.000000 7.707816
15.766700 3.666700 9.716700 18.000000 8.877741
15.400000 3.300000 9.350000 135.000000 8.292782
15.350000 3.250000 9.300000 112.000000 7.233450
15.166700 3.066700 9.116700 18.000000 7.707816
14.966700 2.866700 8.916700 20.000000 6.555813
15.133400 3.033400 9.083400 18.000000 5.877741
14.966700 2.866700 8.916700 18.000000 8.877741
14.966700 2.866700 8.916700 20.000000 5.877741
14.933400 2.833400 8.883400 18.000000 5.877741
14.933400 2.833400 8.883400 18.000000 6.233885
14.916700 2.816700 8.866700 18.000000 6.707816
14.700000 2.600000 8.650000 18.000000 8.199669
14.916700 2.816700 8.866700 18.000000 7.877741
14.666700 2.566700 8.616700 18.000000 8.877741
14.700000 2.600000 8.650000 18.000000 8.029744
14.683400 2.583400 8.633400 18.000000 7.877741
14.633400 2.533400 8.583400 18.000000 6.555813
14.583400 2.483400 8.533400 18.000000 5.062170
14.583400 2.483400 8.533400 18.000000 6.036175
14.300000 2.200000 8.250000 18.000000 8.877741
14.283400 2.183400 8.233400 44.000000 7.070386
14.283400 2.183400 8.233400 20.000000 5.877741
14.266700 2.166700 8.216700 18.000000 7.707816
14.233400 2.133400 8.183400 18.000000 7.258566
14.150000 2.050000 8.100000 18.000000 3.877746
14.133400 2.033400 8.083400 20.000000 5.351677
14.083400 1.983400 8.033400 18.000000 6.036175
14.050000 1.950000 8.000000 18.000000 6.521602
9.683300 -2.483400 3.600000 41.000000 13.965784
13.716700 1.550000 7.633400 24.000000 5.596935
5.766630 -6.416700 -0.316700 24.000000 13.722808
5.783330 -6.400000 -0.300000 26.000000 13.722808
5.800030 -6.383300 -0.283300 32.000000 14.044736
12.650000 0.450000 6.550000 7.800000 1.592342
11.166700 -0.966700 5.100000 7.800000 12.462707
5.516630 -6.600000 -0.550000 155.000000 14.562719
5.033330 -7.083300 -1.033300 18.000000 15.258566
4.933330 -7.183300 -1.133300 18.000000 15.936638
5.233330 -6.883300 -0.833300 135.000000 15.240791
4.950030 -7.166600 -1.116600 22.000000 14.936638
4.933330 -7.183300 -1.133300 18.000000 15.580494
5.216630 -6.900000 -0.850000 18.000000 15.884648
15.533300 3.450000 9.483300 24.000000 5.333901
12.300000 0.216700 6.250000 48.000000 10.169925
-6.100000 -18.166600 -12.133300 34.000000 11.627562
-6.083340 -18.150000 -12.116700 18.000000 13.117787
-3.600000 -15.666600 -9.633330 7.900000 13.292782
-3.683340 -15.750000 -9.716670 23.700000 12.965784
8.950030 -3.100000 2.916700 95.000000 13.983706
8.933330 -3.116700 2.900000 18.000000 14.983706
13.816700 1.766700 7.783400 4.600000 4.944130
0.983340 -11.083300 -5.050030 18.000000 1.292782
6.016630 -6.100000 -0.033400 7.500000 13.627562
6.016630 -6.100000 -0.033400 19.200000 13.305634
6.000030 -6.116600 -0.050000 13.400000 13.873276
5.983330 -6.133300 -0.066700 6.300000 13.551348
15.950000 3.850000 9.900000 5.100000 11.936638
15.950000 3.850000 9.900000 5.100000 11.936638
15.983300 3.883300 9.933300 5.100000 11.614710
15.933300 3.833300 9.883300 7.600000 11.902422
15.900000 3.800000 9.850000 5.100000 12.258566
15.900000 3.800000 9.850000 5.100000 11.936638
5.916670 -6.150000 -0.116700 7.900000 14.292782
5.833370 -6.233300 -0.200000 7.900000 14.614710
5.833370 -6.233300 -0.200000 7.900000 13.936638
5.816670 -6.250000 -0.216700 13.600000 14.621422
5.849970 -6.216700 -0.183400 7.900000 13.936638
5.899970 -6.166700 -0.133400 7.900000 13.936638
5.833370 -6.233300 -0.200000 7.900000 14.936638
5.799970 -6.266700 -0.233400 7.900000 14.614710
14.833300 2.750000 8.800000 13.900000 2.833350
13.350000 1.250000 7.300000 9.700000 2.707819
-4.483330 -16.533300 -10.500000 6.300000 10.258566
9.616670 -2.483300 3.566700 6.000000 13.643856
10.116700 -2.033300 4.050000 5.800000 13.486554
13.783300 1.616600 7.700000 20.000000 4.496854
9.149970 -2.933400 3.100000 4.900000 14.321928
