0.383763 0.382993 0.382987 -0.727968 0.171539
0.384297 0.383523 0.383517 -0.725339 0.178949
0.437797 0.434323 0.436133 -0.655350 0.001510
0.394718 0.387373 0.390698 -0.602906 -0.421900
-0.041429 -0.041988 -0.041995 -0.833847 0.547226
-0.038631 -0.039168 -0.039175 -0.800452 0.595580
0.383763 0.382993 0.382987 -0.727968 0.171539
0.384297 0.383523 0.383517 -0.725339 0.178949
0.437797 0.434323 0.436133 -0.655350 0.001510
-0.354105 -0.360862 -0.358316 -0.772084 -0.141010
-0.366951 -0.372919 -0.370659 -0.686500 -0.342941
-0.358074 -0.363995 -0.361754 -0.680393 -0.381430
-0.282931 -0.289030 -0.285600 -0.778347 -0.386032
-0.040214 -0.046643 -0.043775 -0.997067 0.012169
0.443792 0.437854 0.440452 -0.542348 -0.350988
0.450996 0.443503 0.446816 -0.632177 -0.024814
0.415475 0.408494 0.411167 -0.423616 -0.558573
0.307132 0.303281 0.304317 -0.720677 0.449117
-0.333460 -0.343531 -0.338689 -0.800231 0.125345
-0.428844 -0.441375 -0.435345 0.354818 0.553046
0.477551 0.472131 0.474844 -0.491152 -0.286932
0.431715 0.423941 0.427922 -0.638468 -0.207696
0.167332 0.161956 0.164292 -0.777935 -0.559996
-0.411966 -0.415386 -0.413741 -0.547774 0.431857
-0.377940 -0.381124 -0.379594 -0.509666 0.555028
0.380135 0.372747 0.376542 -0.594624 -0.470313
0.208558 0.200154 0.203959 -0.913869 -0.199216
-0.358313 -0.365404 -0.362025 -0.740419 -0.242506
0.054247 0.050982 0.052267 -0.846083 -0.525233
0.433777 0.433067 0.433062 -0.534162 -0.389125
-0.426786 -0.431860 -0.428932 -0.646424 0.171766
-0.402008 -0.406752 -0.404013 -0.658805 0.275123
-0.408107 -0.412984 -0.410170 -0.676488 0.192397
0.311730 0.307740 0.308814 -0.777779 0.328352
-0.471740 -0.475232 -0.473153 -0.346378 -0.455811
0.503395 0.499161 0.501277 -0.404348 -0.287499
0.488942 0.484815 0.486878 -0.458477 -0.280427
-0.214989 -0.223851 -0.219693 -0.745781 0.547007
0.061628 0.062226 0.060940 -0.728030 0.677191
0.403179 0.402355 0.402348 -0.569903 -0.434608
0.354487 0.348303 0.351537 -0.644512 0.462655
0.290537 0.284962 0.287889 -0.640790 0.583861
0.304834 0.298946 0.302038 -0.651609 0.549442
0.343568 0.337081 0.340484 -0.589437 0.552243
0.329847 0.323579 0.326868 -0.655693 0.499722
0.305896 0.300174 0.303174 -0.666779 0.528975
0.401810 0.397884 0.399505 -0.586113 -0.420839
0.079676 0.073561 0.077019 -0.990625 0.031155
-0.251543 -0.256001 -0.253355 -0.627680 0.642665
0.405969 0.401380 0.403291 -0.690392 -0.186543
0.428052 0.425823 0.426593 -0.514613 -0.434324
0.222513 0.219777 0.220807 -0.749302 0.540348
0.315456 0.312396 0.313530 -0.824504 0.157444
0.144013 0.141187 0.142273 -0.787762 -0.564372
0.256366 0.254568 0.255645 -0.720742 0.533524
0.463767 0.458507 0.460782 -0.498011 -0.338165
0.526507 0.520740 0.523228 -0.292657 -0.303651
0.430963 0.428669 0.429465 -0.457278 -0.486796
0.298436 0.295250 0.297230 0.078323 0.853980
0.430963 0.428669 0.429465 -0.457278 -0.486796
0.298436 0.295250 0.297230 0.078323 0.853980
0.046725 0.047383 0.047375 -0.832925 0.547323
-0.494847 -0.495553 -0.495553 -0.493042 0.144538
0.439834 0.438106 0.439053 -0.595689 -0.258837
0.439655 0.437934 0.438877 -0.592875 -0.266088
-0.084142 -0.086815 -0.085728 -0.790096 0.594796
0.440680 0.439938 0.439933 -0.554540 -0.333467
-0.203638 -0.204099 -0.204106 0.877585 0.324129
-0.183732 -0.184141 -0.184148 0.782484 0.534923
-0.361842 -0.362612 -0.362625 -0.472034 0.619088
-0.188459 -0.188875 -0.188882 0.797920 0.506415
-0.221464 -0.221927 -0.221936 -0.754158 0.532627
0.471807 0.471052 0.471047 -0.512982 -0.265467
0.062889 0.063449 0.063449 -0.733060 0.671280
0.466598 0.464300 0.465087 -0.394282 -0.441529
0.455716 0.453282 0.454127 -0.423097 -0.449017
-0.133472 -0.132858 -0.133902 -0.723839 0.650124
0.361419 0.360119 0.360107 -0.691986 0.362172
-0.301099 -0.300353 -0.300355 -0.667599 -0.532191
0.049028 0.045267 0.046328 -0.770562 0.632167
0.037051 0.037607 0.037600 -0.758461 0.648488
0.040147 0.040731 0.040724 -0.796895 0.600025
-0.339961 -0.339269 -0.340186 -0.628226 -0.508851
-0.363933 -0.363185 -0.364182 -0.683521 -0.368537
-0.345921 -0.345219 -0.346148 -0.613276 -0.515011
0.469189 0.469221 0.468507 -0.515553 -0.272762
-0.457959 -0.457293 -0.457293 -0.508624 -0.336664
-0.004713 -0.010011 -0.007656 -0.775813 0.630820
0.448760 0.448029 0.448024 -0.419762 -0.470063
0.462691 0.457311 0.459642 -0.502622 -0.335982
0.491655 0.491665 0.491661 -0.501864 0.151470
0.303950 0.304266 0.304260 -0.699221 0.483272
0.246679 0.244921 0.244921 -0.761330 0.489442
0.255482 0.253785 0.253785 -0.721109 0.534712
0.247149 0.245518 0.245518 -0.699714 0.573375
0.236580 0.234913 0.234913 -0.721369 0.559722
0.237416 0.235749 0.235749 -0.720857 0.559324
0.285962 0.285246 0.285240 -0.675476 0.547021
-0.494693 -0.495399 -0.495399 -0.487080 0.164895
-0.495116 -0.495823 -0.495823 -0.499808 0.115636
-0.492024 -0.492727 -0.492727 -0.496686 0.160175
0.389130 0.387444 0.387439 -0.657235 -0.341172
-0.495116 -0.495823 -0.495823 -0.499808 0.115636
-0.492024 -0.492727 -0.492727 -0.496686 0.160175
-0.499112 -0.499825 -0.499825 -0.491431 0.098658
-0.496117 -0.496825 -0.496825 -0.474090 0.188243
-0.495116 -0.495823 -0.495823 -0.499808 0.115636
-0.497207 -0.497917 -0.497917 -0.491616 0.123513
-0.500936 -0.501651 -0.501651 -0.481462 0.118111
-0.497207 -0.497917 -0.497917 -0.491616 0.123513
-0.495763 -0.496471 -0.496471 -0.490188 0.144805
-0.483388 -0.484078 -0.484078 -0.487968 0.244051
-0.494906 -0.495613 -0.495613 -0.478060 0.187784
-0.488227 -0.488924 -0.488924 -0.492854 0.201584
-0.496810 -0.497519 -0.497519 -0.479899 0.166809
-0.495116 -0.495823 -0.495823 -0.499808 0.115636
-0.495116 -0.495823 -0.495823 -0.499808 0.115636
-0.496320 -0.497029 -0.497029 -0.461257 0.216409
-0.489034 -0.489732 -0.489732 -0.487250 0.209183
-0.493768 -0.494473 -0.494473 -0.498447 0.136886
-0.450305 -0.455344 -0.453204 -0.509344 -0.353641
-0.468848 -0.470176 -0.469517 -0.467137 -0.347064
-0.477282 -0.478634 -0.477963 -0.465651 -0.312779
-0.473127 -0.474467 -0.473802 -0.477610 -0.313740
-0.462962 -0.464273 -0.463623 -0.467349 -0.369805
-0.494430 -0.495831 -0.495136 -0.493993 -0.143183
-0.481919 -0.483284 -0.482607 -0.486485 -0.254192
-0.479756 -0.481115 -0.480440 -0.484302 -0.270170
-0.489053 -0.490439 -0.489751 -0.493687 -0.191609
-0.473938 -0.475281 -0.474614 -0.474828 -0.314278
-0.498490 -0.499902 -0.499201 -0.469126 -0.179790
-0.492925 -0.494322 -0.493629 -0.497596 -0.146287
-0.468848 -0.470176 -0.469517 -0.467137 -0.347064
-0.468564 -0.469891 -0.469233 -0.468149 -0.346854
-0.495517 -0.496920 -0.496224 -0.500212 -0.105278
-0.476121 -0.477470 -0.476801 -0.480633 -0.294932
0.391677 0.391926 0.390886 -0.711029 -0.186090
0.209158 0.207251 0.207251 -0.700743 0.615878
0.070231 0.068366 0.068366 -0.793141 0.597199
0.243392 0.237932 0.237932 -0.896116 0.156567
0.083351 0.081244 0.081244 -0.854927 0.498951
0.068486 0.066536 0.066536 -0.830745 0.544351
0.036088 0.033158 0.034317 -0.829653 -0.555065
0.508296 0.500902 0.504213 -0.413403 -0.256126
0.102128 0.092090 0.096777 -0.734497 0.657448
0.112670 0.101595 0.106767 -0.810311 0.555860
0.454155 0.447182 0.449841 -0.564793 -0.269116
0.232275 0.226245 0.228850 -0.912196 0.101920
0.232275 0.226245 0.228850 -0.912196 0.101920
0.230042 0.224037 0.226632 -0.908541 0.141698
0.475667 0.472588 0.473370 -0.545773 -0.168681
0.365711 0.361128 0.363049 -0.685949 -0.365393
0.347066 0.342852 0.344615 -0.629439 -0.497036
0.137100 0.130725 0.133006 -0.824941 0.515651
0.199324 0.191746 0.195173 -0.800793 -0.494106
-0.144755 -0.152876 -0.148497 -0.718352 0.646216
-0.146804 -0.154915 -0.150540 -0.717645 0.645580
-0.147714 -0.157178 -0.154455 -0.962497 -0.056738
-0.141671 -0.149806 -0.145420 -0.719396 0.647155
0.121645 0.109550 0.115199 -0.594534 0.778756
0.307671 0.301172 0.304067 -0.662151 0.532666
-0.187860 -0.196423 -0.191793 -0.748277 0.573954
0.435045 0.430096 0.432237 -0.511048 -0.421609
0.443503 0.438387 0.440602 -0.523380 -0.378240
-0.077398 -0.083789 -0.080820 -0.715507 -0.684475
-0.078373 -0.084762 -0.081794 -0.715334 -0.684310
0.467898 0.467964 0.467184 -0.514641 -0.281008
0.469342 0.463015 0.465779 -0.588475 0.045629
0.412440 0.408480 0.410110 -0.566931 -0.416458
-0.150889 -0.151339 -0.151346 -0.765486 0.587754
0.434459 0.432130 0.432939 -0.539883 0.381575
0.416551 0.413306 0.414992 -0.529756 -0.450337
0.416551 0.413306 0.414992 -0.529756 -0.450337
0.400119 0.399397 0.399392 -0.642186 -0.329347
0.034866 0.034195 0.034195 -0.820533 -0.568481
-0.331387 -0.330639 -0.330647 -0.666149 0.477261
-0.445288 -0.444292 -0.444298 -0.080563 0.632797
0.049884 0.048715 0.048715 -0.908739 -0.408606
-0.326543 -0.325809 -0.325815 -0.679167 0.468822
-0.333012 -0.331781 -0.331781 0.471387 0.668386
-0.041405 -0.042412 -0.042412 -0.829614 0.553560
-0.039340 -0.040350 -0.040350 -0.829826 0.553701
0.182036 0.180043 0.181284 -0.780130 -0.541277
-0.146040 -0.146888 -0.146888 -0.268506 0.929206
-0.061789 -0.063561 -0.062355 -0.877139 0.467848
-0.091492 -0.093100 -0.091989 -0.795281 0.584831
-0.081595 -0.083048 -0.082045 -0.707633 0.692076
0.401069 0.401225 0.400353 -0.575893 -0.431541
-0.295020 -0.295647 -0.295654 -0.790237 0.337151
-0.228508 -0.228985 -0.228995 -0.790701 0.466586
-0.269418 -0.269979 -0.269988 -0.809283 0.355939
-0.246250 -0.246550 -0.246557 -0.629670 0.649076
-0.261502 -0.261799 -0.261804 -0.636828 0.623688
-0.302210 -0.302541 -0.302545 -0.717564 0.459028
-0.407194 -0.407589 -0.407600 -0.705606 -0.063618
-0.338440 -0.338747 -0.338754 -0.721170 -0.368604
-0.325118 -0.325389 -0.325393 -0.658987 -0.498273
-0.342506 -0.342817 -0.342823 -0.729834 -0.339088
-0.406604 -0.407005 -0.407011 -0.706947 0.059898
-0.320331 -0.320608 -0.320614 -0.663445 -0.501644
-0.333100 -0.333360 -0.333364 -0.651336 -0.492489
-0.337628 -0.337878 -0.337886 -0.646874 -0.489114
-0.188063 -0.189450 -0.188441 -0.667260 0.669324
-0.193095 -0.194525 -0.193486 -0.688818 0.642626
-0.193095 -0.194525 -0.193486 -0.688818 0.642626
-0.187505 -0.188944 -0.187902 -0.691296 0.644938
0.466103 0.466205 0.466200 -0.514615 -0.288495
0.387408 0.386727 0.386722 -0.602855 -0.432860
-0.246559 -0.245795 -0.245797 -0.846043 0.320294
-0.255544 -0.254771 -0.254769 -0.774152 0.453399
-0.244744 -0.244003 -0.244001 -0.820101 0.385306
-0.240548 -0.239820 -0.239818 -0.811563 0.410459
-0.238222 -0.237504 -0.237504 -0.779985 0.471230
0.462857 0.461417 0.462162 -0.516244 -0.304559
0.301374 0.295007 0.298366 -0.800167 0.304721
0.330814 0.331095 0.330076 -0.676723 0.462638
-0.125635 -0.136780 -0.131499 -0.846871 0.480650
0.180910 0.181343 0.180225 -0.727008 0.611036
0.197168 0.197608 0.196453 -0.750884 0.565381
0.178751 0.179252 0.178001 -0.813122 0.493017
0.479907 0.479953 0.479953 -0.494281 -0.254297
0.465318 0.465340 0.465336 -0.449563 -0.385088
0.428092 0.428388 0.428381 -0.589582 0.319534
0.418184 0.418425 0.418419 -0.538175 -0.430507
0.454912 0.455087 0.455081 -0.497308 -0.362681
0.397593 0.397756 0.397751 -0.576672 -0.439265
0.408064 0.408302 0.408296 -0.517666 -0.481757
0.395892 0.396097 0.396091 -0.598333 -0.414110
0.375567 0.375768 0.375763 -0.607472 -0.455552
0.453713 0.453016 0.453012 -0.550716 0.283572
0.077960 0.077317 0.077310 -0.773737 0.619111
0.109617 0.108805 0.108797 -0.847146 -0.496642
0.400135 0.395036 0.396783 -0.600539 -0.407131
0.205985 0.204327 0.204327 -0.661415 0.660758
0.438911 0.432327 0.435219 -0.552899 -0.354031
0.454415 0.447541 0.450562 -0.503447 -0.369796
0.236148 0.233410 0.234436 -0.655326 0.636664
0.257448 0.252528 0.254629 -0.762873 0.472376
0.380512 0.377395 0.378532 -0.754102 -0.028754
0.427197 0.423715 0.425534 -0.659461 0.148325
0.407980 0.403074 0.405126 -0.708333 0.072257
0.407347 0.402448 0.404497 -0.707235 0.091130
0.405124 0.400252 0.402289 -0.703374 0.138211
-0.458678 -0.462958 -0.460836 -0.408283 -0.442967
0.456386 0.449062 0.452290 -0.580115 0.221260
0.429281 0.422081 0.425260 0.613416 0.283619
0.217491 0.210134 0.213454 -0.726858 0.578495
0.228018 0.220908 0.224111 -0.701229 0.597712
0.220695 0.212305 0.216100 -0.918286 0.127560
0.517379 0.508639 0.512507 0.303170 0.345008
0.394718 0.387373 0.390698 -0.602906 -0.421900
0.427590 0.421093 0.423955 -0.597200 -0.321654
-0.386696 -0.392791 -0.389854 -0.703993 0.220430
-0.376179 -0.382061 -0.379226 -0.669978 0.346172
-0.378949 -0.384888 -0.382026 -0.687814 0.298709
0.338171 0.330566 0.333513 -0.679038 0.451712
0.324306 0.317135 0.319912 -0.654535 0.513313
0.375906 0.366115 0.370596 -0.740517 0.197351
0.309451 0.301297 0.305030 -0.616976 0.582887
0.453923 0.445254 0.448591 -0.569672 0.264465
0.395079 0.387299 0.390829 -0.639899 -0.362896
0.386462 0.378852 0.382304 -0.625942 -0.411288
0.004196 -0.004718 -0.000528 -0.759133 0.650904
0.392466 0.385087 0.388429 -0.548154 -0.496315
0.410894 0.403574 0.406882 -0.585999 -0.399182
0.401283 0.394036 0.397313 -0.594132 -0.415761
0.436962 0.428992 0.432597 -0.638627 -0.173337
0.409302 0.401968 0.405283 -0.587281 -0.402171
0.402540 0.395198 0.398519 -0.588319 -0.420527
0.419806 0.412342 0.415715 -0.597502 -0.352007
0.406721 0.399461 0.402742 -0.581221 -0.418318
0.397340 0.390093 0.393371 -0.580719 -0.444941
0.405734 0.398349 0.401689 -0.591762 -0.406400
0.414919 0.407166 0.410676 -0.617529 -0.334754
0.394718 0.387373 0.390698 -0.602906 -0.421900
0.441065 0.432208 0.436229 -0.630088 -0.177063
-0.370590 -0.379013 -0.374391 -0.634015 -0.420557
0.431522 0.424009 0.427401 -0.560586 -0.370238
-0.468492 -0.474320 -0.471428 -0.474320 0.329108
-0.474307 -0.480273 -0.477314 -0.485459 0.284378
0.412479 0.405647 0.408262 -0.510478 -0.487900
-0.038281 -0.038986 -0.038995 -0.842087 0.535148
-0.309616 -0.318927 -0.314450 -0.767747 0.337800
-0.320401 -0.329795 -0.325274 -0.752693 0.340921
0.382141 0.381365 0.381359 -0.584360 0.470762
-0.323000 -0.330633 -0.327009 -0.413819 0.712862
-0.351806 -0.359639 -0.355912 -0.729203 0.297460
-0.335301 -0.342117 -0.338865 -0.678966 -0.441255
-0.412364 -0.421718 -0.417269 -0.427613 0.543271
-0.372618 -0.380245 -0.376607 -0.575445 -0.493558
-0.344768 -0.352305 -0.348718 -0.725625 0.329970
0.409155 0.405174 0.406226 -0.702882 -0.096764
0.419068 0.414990 0.416068 -0.661662 -0.203115
0.412155 0.408125 0.409191 -0.638419 -0.297567
0.423099 0.418962 0.420056 -0.671494 -0.134561
0.426091 0.421914 0.423019 -0.634596 -0.242442
0.397660 0.393771 0.394799 -0.686680 0.243753
0.403982 0.399934 0.401006 -0.716204 -0.055654
0.403982 0.399934 0.401006 -0.716204 -0.055654
0.360630 0.356837 0.357845 -0.673472 0.401244
-0.165656 -0.169303 -0.168233 -0.715153 0.635726
-0.160469 -0.163955 -0.162932 -0.683880 0.673149
-0.176114 -0.179890 -0.178781 -0.719251 0.622366
0.403414 0.398333 0.400463 -0.709520 -0.121653
0.420997 0.417238 0.419215 -0.682941 -0.080772
0.085806 0.086511 0.084977 -0.988663 0.021830
0.472067 0.468941 0.469738 -0.578498 -0.043965
0.384400 0.381150 0.382851 -0.610940 -0.432595
0.300676 0.297487 0.298674 -0.758240 0.396184
0.493442 0.492354 0.492345 -0.125081 0.506017
0.144236 0.136413 0.140527 -0.733816 0.634313
-0.012240 -0.016051 -0.014529 -0.987105 0.158132
-0.020609 -0.024271 -0.022806 -0.978626 0.201882
0.442799 0.440535 0.441315 -0.498040 -0.408724
-0.122019 -0.121214 -0.122660 -0.680586 0.701552
-0.114663 -0.113905 -0.115264 -0.639552 0.742675
-0.130324 -0.129498 -0.130973 -0.608335 0.760934
0.383600 0.382785 0.382778 -0.733780 0.146204
-0.309433 -0.318968 -0.313774 -0.762644 0.349901
-0.304052 -0.312676 -0.307970 -0.725868 0.433656
-0.361570 -0.370354 -0.365541 -0.754123 -0.172577
0.401236 0.400291 0.400283 -0.634095 -0.341282
-0.170531 -0.171112 -0.171112 -0.799408 -0.522788
-0.165688 -0.166174 -0.166174 -0.798222 -0.529303
-0.196534 -0.197072 -0.197072 -0.802785 -0.489116
-0.171462 -0.171970 -0.171970 -0.832068 -0.468098
0.152117 0.143982 0.148260 -0.762993 0.593288
-0.369446 -0.368674 -0.368676 -0.539734 0.548047
-0.193318 -0.192562 -0.193810 -0.805693 0.488717
0.268434 0.268830 0.267667 -0.778237 0.422344
0.321639 0.320762 0.320762 -0.651846 0.515625
0.277153 0.276395 0.276395 -0.680159 0.554780
0.482413 0.481717 0.481717 -0.482287 -0.265658
0.481220 0.481276 0.481271 -0.519808 -0.187023
0.470596 0.470665 0.470661 -0.547188 -0.189939
0.484029 0.484080 0.484075 -0.512409 -0.185717
0.485539 0.485602 0.485597 -0.505820 -0.191793
0.486282 0.486328 0.486323 -0.506729 -0.183658
0.480706 0.480782 0.480777 -0.517765 -0.196322
-0.229259 -0.229734 -0.229739 -0.829701 -0.391764
-0.213325 -0.213779 -0.213786 -0.765910 -0.525802
-0.264388 -0.264883 -0.264894 -0.879392 -0.128205
0.084028 0.078994 0.081829 -0.891092 -0.431229
0.021079 0.020538 0.020532 -0.726480 0.686250
0.402687 0.401097 0.401966 -0.563644 -0.444628
0.402687 0.401097 0.401966 -0.563644 -0.444628
0.391348 0.389797 0.390646 -0.550157 -0.489517
0.409155 0.407456 0.408394 -0.608325 -0.360175
0.398226 0.396563 0.397483 -0.596198 -0.413170
0.385112 0.383491 0.384389 -0.650763 -0.365206
0.481825 0.479226 0.480129 -0.541133 -0.121813
0.504350 0.502619 0.503535 -0.458846 -0.170056
0.411973 0.409471 0.410355 -0.581597 -0.394923
0.402652 0.398893 0.400877 -0.667481 0.269301
0.263500 0.259524 0.261689 -0.772341 -0.445223
0.261233 0.257382 0.259477 -0.747246 -0.489701
0.229227 0.225755 0.227646 -0.674666 -0.624093
0.219527 0.216036 0.217942 -0.679827 -0.628867
0.240684 0.237009 0.239011 -0.714284 -0.564420
0.360226 0.353271 0.356365 -0.737698 0.272474
0.498122 0.492904 0.495153 -0.396023 -0.326971
0.465980 0.461273 0.462861 -0.522668 -0.287522
-0.082718 -0.089760 -0.087188 -0.517954 0.842154
-0.087997 -0.094384 -0.092041 -0.837447 0.523029
-0.455676 -0.464704 -0.459614 0.316379 -0.514848
-0.279350 -0.287011 -0.283393 -0.864306 -0.110683
0.291451 0.284959 0.287862 -0.624797 0.600515
0.379140 0.373380 0.375917 -0.610649 -0.450148
0.410339 0.403597 0.407039 -0.594195 -0.387277
0.402570 0.395802 0.398791 -0.722240 0.024766
-0.038631 -0.039168 -0.039175 -0.800452 0.595580
0.416053 0.407470 0.411370 -0.700880 -0.020257
-0.308987 -0.317731 -0.313518 -0.726888 -0.420611
-0.355643 -0.363495 -0.359686 -0.573277 -0.532324
0.456943 0.455401 0.455401 -0.538488 -0.294030
-0.366010 -0.374132 -0.370194 -0.617291 -0.456038
0.405339 0.399233 0.401922 -0.639172 0.325931
0.419926 0.412236 0.415715 -0.583467 -0.374794
0.352226 0.345173 0.348309 -0.757418 0.248577
0.353113 0.346122 0.349229 -0.750388 0.265457
0.364717 0.357597 0.360760 -0.759165 0.180632
0.348471 0.341532 0.344617 -0.740376 0.308230
0.360537 0.353419 0.356583 -0.744279 0.252991
0.355436 0.348379 0.351516 -0.752942 0.248622
0.354778 0.347714 0.350854 -0.753776 0.248898
0.407062 0.400330 0.403301 -0.714925 -0.016359
0.403617 0.396880 0.399854 -0.718769 0.055386
0.404701 0.397962 0.400937 -0.718936 -0.014985
0.059032 0.050885 0.053823 -0.865618 0.491665
-0.480366 -0.480366 -0.480366 -0.461211 -0.308269
-0.477462 -0.477462 -0.477462 -0.457789 -0.326373
0.452313 0.452341 0.451658 -0.473574 -0.403153
0.443169 0.443241 0.442484 -0.480594 -0.424708
-0.484558 -0.484561 -0.484561 -0.469129 -0.274814
0.466398 0.466422 0.465729 -0.480354 -0.342461
-0.496273 -0.496273 -0.496273 -0.475825 -0.186362
-0.493479 -0.493480 -0.493480 -0.475775 -0.207536
-0.500856 -0.500855 -0.500855 -0.480884 -0.127205
-0.489069 -0.489068 -0.489068 -0.469567 -0.248883
-0.495552 -0.495553 -0.495553 -0.477774 -0.187126
-0.497748 -0.497751 -0.497751 -0.480558 -0.160620
-0.495187 -0.495190 -0.495190 -0.478752 -0.187509
-0.500678 -0.500678 -0.500678 -0.482716 -0.122271
-0.480570 -0.480570 -0.480570 -0.460770 -0.307974
-0.489260 -0.489260 -0.489260 -0.469101 -0.248636
-0.484363 -0.484363 -0.484363 -0.464406 -0.283735
-0.497748 -0.497751 -0.497751 -0.480558 -0.160620
0.403696 0.403829 0.403004 -0.587618 -0.407731
0.399853 0.398392 0.398388 -0.565899 -0.449941
-0.037059 -0.036469 -0.037600 -0.808138 0.585487
-0.041669 -0.041089 -0.042194 -0.789149 0.609950
-0.113842 -0.113237 -0.114293 -0.758514 0.621136
-0.131582 -0.130871 -0.132114 -0.841686 0.489561
-0.127197 -0.126527 -0.127696 -0.839753 0.496306
-0.134361 -0.133654 -0.134888 -0.790600 0.566428
-0.127381 -0.126715 -0.127875 -0.817451 0.532109
-0.120909 -0.120277 -0.121377 -0.790966 0.574939
-0.125536 -0.124890 -0.126013 -0.806589 0.549707
0.054423 0.049503 0.052289 -0.798019 0.595835
-0.307564 -0.306858 -0.306862 -0.642008 0.552180
-0.417684 -0.421952 -0.419466 -0.526652 0.440660
0.393356 0.393491 0.393486 -0.551102 -0.481552
0.421016 0.420271 0.420271 -0.594364 -0.340914
0.402029 0.401316 0.401316 -0.570014 -0.437434
0.421520 0.420766 0.420766 -0.605513 -0.318726
0.420651 0.419896 0.419896 -0.606931 -0.319473
0.422511 0.421758 0.421758 -0.526444 -0.434261
0.489268 0.488384 0.488384 -0.436695 -0.304754
0.432736 0.431944 0.431944 -0.645702 -0.150525
0.126280 0.125604 0.125597 -0.776545 0.591168
0.275870 0.276209 0.276203 -0.728542 0.490452
0.284365 0.284716 0.284710 -0.753869 0.434390
0.299732 0.300002 0.300002 -0.647501 0.557585
0.308649 0.308931 0.308931 -0.710424 0.457338
0.330796 0.331098 0.331098 -0.721478 0.388319
0.307233 0.307517 0.307517 -0.711724 0.458175
0.356192 0.356360 0.356355 -0.593485 -0.516644
0.377418 0.377590 0.377585 -0.621642 -0.431246
0.465657 0.465657 0.465657 -0.453705 0.379002
0.219469 0.218722 0.218715 -0.682147 0.625166
0.096837 0.096261 0.096255 -0.726039 0.667053
-0.039440 -0.039989 -0.039996 -0.817221 0.572186
0.018564 0.017780 0.017770 -0.582090 0.812524
0.017841 0.016939 0.016929 -0.348445 0.936854
0.012459 0.011829 0.011821 -0.815830 0.577916
0.321177 0.320452 0.320446 -0.687153 0.468284
0.472023 0.468809 0.469632 -0.509161 -0.278591
0.453281 0.450141 0.450946 -0.530214 -0.327765
0.217307 0.214969 0.214969 0.342698 0.861924
0.225217 0.222808 0.222808 -0.748553 0.538200
-0.469611 -0.470344 -0.470348 -0.404483 -0.416424
-0.460073 -0.460791 -0.460795 -0.396268 -0.454580
-0.471859 -0.472600 -0.472604 -0.407647 -0.405547
-0.472564 -0.473302 -0.473306 -0.406415 -0.404322
0.500708 0.498557 0.499276 -0.413218 -0.284088
0.500527 0.498374 0.499094 -0.413666 -0.284397
0.217307 0.214969 0.214969 0.342698 0.861924
0.225217 0.222808 0.222808 -0.748553 0.538200
-0.469611 -0.470344 -0.470348 -0.404483 -0.416424
-0.460073 -0.460791 -0.460795 -0.396268 -0.454580
-0.471859 -0.472600 -0.472604 -0.407647 -0.405547
-0.472564 -0.473302 -0.473306 -0.406415 -0.404322
0.500708 0.498557 0.499276 -0.413218 -0.284088
0.500527 0.498374 0.499094 -0.413666 -0.284397
0.421231 0.409815 0.415874 -0.167861 0.673415
-0.299249 -0.305393 -0.302468 -0.678856 -0.514638
-0.315380 -0.321810 -0.318748 -0.705797 -0.444100
-0.345796 -0.353330 -0.349748 -0.795486 -0.021468
-0.287037 -0.292609 -0.289951 -0.612537 -0.610505
0.466664 0.464674 0.465339 -0.440583 -0.394523
-0.172281 -0.177157 -0.174944 -0.725363 0.618205
-0.265277 -0.270825 -0.268280 -0.798008 0.384045
0.415189 0.410139 0.411869 -0.616528 -0.331151
-0.433463 -0.439413 -0.436475 -0.489267 -0.434895
0.406780 0.398646 0.402338 -0.614631 -0.368734
-0.459756 -0.464930 -0.462736 -0.528372 0.281359
0.425913 0.417616 0.421379 -0.603416 -0.320194
0.468503 0.461645 0.464717 -0.488876 -0.335301
0.428819 0.420536 0.424291 -0.597603 -0.319549
0.390059 0.384196 0.386772 -0.564029 -0.482210
0.566560 0.558040 0.562474 -0.158785 0.161280
0.408274 0.401828 0.405191 -0.339799 0.626262
-0.074161 -0.078909 -0.076175 -0.981527 0.138116
0.201082 0.201450 0.201450 -0.719878 -0.600147
0.374252 0.372203 0.372203 -0.390223 0.656195
-0.108394 -0.107086 -0.107101 0.277680 0.942447
0.408861 0.407395 0.407390 -0.506431 -0.494391
0.450850 0.443231 0.446666 -0.588847 -0.232444
0.505201 0.497701 0.500994 -0.441090 0.226961
0.498352 0.489358 0.493964 -0.462304 0.233342
0.417934 0.418075 0.417216 -0.562150 -0.400578
0.433463 0.433584 0.432743 -0.550266 -0.366135
0.434194 0.434314 0.433474 -0.549067 -0.365338
-0.302805 -0.302103 -0.303090 -0.694631 -0.492613
0.404409 0.404576 0.403682 -0.558585 -0.444742
0.445114 0.445297 0.445297 -0.565514 -0.292385
0.390611 0.390778 0.389905 -0.625713 -0.388810
0.368267 0.368422 0.367603 -0.587294 -0.498596
0.457851 0.457902 0.457162 -0.522012 0.314968
0.455598 0.455647 0.454915 -0.516129 0.333886
0.379865 0.377554 0.378370 -0.529399 -0.538264
0.402762 0.402038 0.402032 -0.616660 -0.366400
0.394948 0.394165 0.394158 -0.675479 0.277519
-0.369682 -0.370895 -0.370901 -0.680696 -0.353351
0.116280 0.114327 0.114319 -0.867943 0.454988
0.415992 0.414223 0.414217 -0.687549 0.105215
0.406729 0.405074 0.405068 -0.637331 -0.316568
-0.430707 -0.432794 -0.431845 -0.597552 -0.289176
0.228708 0.226814 0.227969 -0.833147 0.387485
-0.477414 -0.479579 -0.478869 -0.467457 -0.306999
-0.502090 -0.504367 -0.503620 -0.462257 -0.161881
-0.494138 -0.496372 -0.495638 -0.454257 -0.239657
0.514275 0.512052 0.512796 -0.449429 -0.091527
-0.481416 -0.483590 -0.482876 -0.431376 -0.339301
0.503890 0.501694 0.502431 -0.444882 -0.209859
0.518408 0.516149 0.516906 -0.439087 -0.069673
0.513471 0.511230 0.511982 -0.457702 -0.058087
0.507567 0.505352 0.506095 -0.437838 -0.197890
0.517703 0.515443 0.516201 -0.446581 -0.020098
0.511653 0.509421 0.510169 -0.456081 -0.102070
0.513568 0.511327 0.512079 -0.443015 -0.127690
0.504498 0.502294 0.503033 -0.486697 -0.057156
0.517804 0.515544 0.516302 -0.446669 0.003444
0.507454 0.505197 0.505957 -0.402834 -0.262676
0.516490 0.514196 0.514968 -0.447315 -0.059657
0.499605 0.497422 0.498154 -0.481977 -0.150024
0.502744 0.500508 0.501261 -0.399095 -0.293599
0.549819 0.547371 0.548195 -0.311592 -0.021859
0.547684 0.545243 0.546065 -0.310852 -0.089088
0.492833 0.490607 0.491358 -0.494377 -0.174870
0.542173 0.539756 0.540570 -0.307724 -0.166736
0.489120 0.486911 0.487656 -0.490652 -0.212442
0.496523 0.494272 0.495032 -0.500377 -0.117154
0.498255 0.495996 0.496759 -0.502122 -0.082669
0.499574 0.497303 0.498070 -0.505004 0.003487
0.576502 0.573804 0.574720 -0.076335 -0.047577
0.564027 0.561377 0.562278 -0.176872 -0.138887
0.490240 0.487900 0.488697 -0.524719 -0.086390
0.483758 0.481410 0.482212 -0.520251 -0.176163
0.479273 0.476979 0.477761 -0.514661 -0.222838
0.489357 0.486982 0.487793 -0.534250 0.003688
0.478696 0.476373 0.477167 -0.514808 -0.226280
0.476260 0.473942 0.474735 -0.521689 -0.225881
0.479038 0.476707 0.477504 -0.524732 -0.199797
0.481995 0.479646 0.480449 -0.528857 -0.164616
0.484932 0.482523 0.483349 -0.543925 -0.050324
0.487296 0.484921 0.485733 -0.534674 -0.074707
0.485051 0.482635 0.483464 -0.545927 0.003769
0.484557 0.482150 0.482975 -0.543505 -0.063827
0.483900 0.481492 0.482318 -0.543695 -0.075967
0.476683 0.474301 0.475119 -0.538357 -0.179572
0.462957 0.460633 0.461432 -0.525574 -0.290414
0.472003 0.469634 0.470448 -0.535843 -0.219561
0.479391 0.476922 0.477774 -0.560755 0.003871
0.502123 0.499532 0.500426 -0.474183 -0.151867
0.467636 0.465223 0.466056 -0.539798 -0.237264
0.476820 0.474356 0.475207 -0.559745 -0.092156
0.474332 0.471873 0.472722 -0.558825 -0.128816
0.441017 0.438714 0.439510 -0.524295 -0.380761
0.459886 0.457480 0.458312 -0.539539 -0.279399
0.463367 0.460931 0.461775 -0.554889 -0.227365
0.466618 0.464157 0.465009 -0.560836 -0.189883
0.322070 0.314453 0.317865 -0.617478 0.561313
0.459811 0.453803 0.456428 -0.548008 -0.272025
0.061046 0.051474 0.056552 -0.795793 0.597612
0.062928 0.053261 0.058389 -0.790987 0.603435
0.064481 0.054773 0.059922 -0.756427 0.645809
0.363844 0.356889 0.360041 -0.556362 -0.548706
0.366863 0.362172 0.364141 -0.695188 0.344032
0.059632 0.053276 0.055075 0.026953 0.994910
0.004445 0.000560 0.001665 -0.727707 0.685872
-0.002113 -0.005806 -0.004753 -0.692418 0.721455
0.025737 0.020098 0.021699 -0.133324 0.990297
-0.001153 -0.005193 -0.004042 -0.734864 0.678181
-0.002169 -0.005959 -0.004879 -0.710730 0.703420
0.015911 0.012193 0.013249 -0.694880 0.718724
0.485504 0.484022 0.484018 -0.479153 -0.257192
0.476522 0.474573 0.474566 -0.550533 0.139311
-0.505172 -0.505199 -0.505203 -0.438833 0.204380
-0.478795 -0.478824 -0.478829 -0.473052 0.297367
-0.423537 -0.423652 -0.423658 -0.580460 0.353151
-0.445126 -0.445245 -0.445249 -0.537902 0.340639
0.340138 0.340613 0.339188 -0.396347 0.704378
0.244424 0.244768 0.243739 -0.672726 0.606940
0.433030 0.433139 0.432322 -0.587625 -0.304419
-0.225336 -0.225649 -0.225656 -0.617600 -0.682610
0.074114 0.069952 0.072293 -0.831024 0.542022
0.080173 0.075671 0.078204 -0.826156 0.546988
0.073867 0.069653 0.072025 -0.807192 0.577014
0.071718 0.067560 0.069900 -0.837400 0.533074
0.477952 0.475810 0.476532 -0.520837 0.216365
0.477952 0.475810 0.476532 -0.520837 0.216365
0.480616 0.478468 0.479192 -0.522157 0.194431
0.480178 0.478023 0.478749 -0.515137 0.215305
0.474827 0.472691 0.473412 -0.519798 0.238314
0.477259 0.475113 0.475837 -0.522461 0.217039
0.064496 0.063887 0.063880 -0.797062 0.593608
0.057679 0.057086 0.057079 -0.781327 0.616185
0.060260 0.059640 0.059633 -0.816279 0.568282
0.057942 0.057335 0.057328 -0.768632 0.631881
0.061401 0.060780 0.060773 -0.816108 0.568164
0.064834 0.064212 0.064205 -0.815575 0.567792
0.056466 0.055885 0.055879 -0.764890 0.636797
0.055477 0.054885 0.054879 -0.781620 0.616416
0.436947 0.435541 0.436275 -0.498280 -0.425161
0.399651 0.397391 0.398181 -0.552706 -0.467255
-0.464727 -0.463993 -0.463998 -0.583788 0.112410
0.285615 0.282863 0.283882 -0.730650 0.473259
0.310236 0.304504 0.307508 -0.717559 0.448975
0.444260 0.438497 0.441014 -0.541902 -0.349575
0.253209 0.251520 0.251520 -0.725439 0.532070
