0.259443
0.267550
0.037776
0.632677
-0.639339
0.651388
0.733767
0.259443
0.267550
0.037776
0.632677
0.683450
0.378371
0.046843
-0.503857
0.781628
0.688849
-0.838399
0.718125
0.742785
0.686410
0.643552
-0.598149
-0.639339
-0.639339
-0.598149
-0.556960
-0.639339
-0.639339
-0.639339
-0.639339
-0.598149
-0.598149
-0.639339
-0.598149
-0.639339
-0.639339
-0.639339
-0.639339
-0.639339
-0.639339
-0.639339
-0.639339
-0.556960
-0.639339
-0.639339
-0.639339
0.670452
0.869560
0.560902
0.610199
0.484015
0.493941
0.433884
0.429150
0.480441
0.523442
-0.527111
-0.601955
0.733767
1.000000
0.692578
-0.173121
0.305010
0.519713
-0.590614
0.269843
0.436685
0.308739
0.674747
0.741257
0.738687
0.441063
-0.846506
0.007928
0.222631
-0.375911
0.012306
0.560902
0.666362
0.738145
0.605821
0.830626
0.743869
0.682197
0.641007
0.789436
0.789436
0.738145
-0.655058
0.059517
0.682197
-0.223977
0.731051
0.219724
-0.653526
0.692578
0.727764
-0.556960
-0.450755
-0.775469
0.607328
-0.775469
0.607328
0.566139
-0.639339
0.311032
-0.326614
-0.338528
-0.033910
-0.311078
-0.128203
0.760623
-0.559234
-0.473497
0.779335
0.011657
0.391767
0.641007
0.694871
0.436685
0.647659
0.605821
-0.372182
0.041582
0.774957
-0.708160
-0.669264
0.866091
0.263820
0.835467
0.825715
0.781628
0.692578
0.474146
0.515335
-0.910950
-0.474009
-0.601955
-0.865383
0.748247
-0.196375
0.694871
-0.708160
0.269843
0.356599
0.476439
0.397789
0.525735
0.356599
0.612492
0.612492
0.612492
0.391767
0.315410
0.356599
0.397789
0.566925
0.612492
0.324477
0.647659
0.651388
0.738145
0.820524
0.779335
0.779335
-0.655058
0.733767
0.782609
0.566139
0.602092
0.349929
0.255829
0.342585
0.255829
0.342585
0.221982
0.393411
0.255829
0.269843
0.257929
0.269843
0.311032
0.511721
0.393411
0.424964
0.352222
0.255829
0.255829
0.446787
0.438978
0.297018
-0.624564
-0.662593
-0.582507
-0.589850
-0.717796
-0.237565
-0.461904
-0.495558
-0.333958
-0.589850
-0.304600
-0.244339
-0.662593
-0.662593
-0.164822
-0.548661
0.733767
0.692578
0.692578
0.094685
0.525735
0.522006
0.607328
-0.176927
-0.599662
-0.375911
0.781628
0.607328
0.139603
0.139603
0.180793
0.733767
0.651388
0.733767
-0.470203
-0.714182
0.636779
-0.582507
-0.458290
-0.539024
0.757435
0.697415
0.757435
0.820524
0.820524
0.007928
0.820524
0.221982
0.768953
0.768953
0.727764
0.774957
0.677917
0.694871
-0.749350
-0.749350
-0.749350
-0.718560
-0.644957
0.172686
0.395496
-0.623696
-0.623696
0.101347
-0.672993
-0.756020
-0.676799
-0.771663
-0.635610
-0.676799
-0.733244
-0.759750
-0.676799
-0.635610
-0.676799
-0.643716
-0.676799
-0.726095
-0.850313
-0.800939
-0.759750
-0.628074
-0.545047
-0.541317
0.736060
0.661490
0.604636
-0.672993
-0.672993
-0.669264
-0.550937
0.651388
0.647011
-0.204482
0.651388
0.479382
0.391767
0.391767
-0.542754
0.688200
0.549971
0.733767
0.950763
-0.628074
0.305010
0.519713
0.350577
0.941284
0.948470
0.902903
0.602092
-0.026671
-0.417100
-0.375911
0.094036
0.917382
0.855710
0.855710
0.855710
-0.005936
0.177064
-0.015265
0.090307
-0.039152
-0.655058
0.395496
0.538979
0.482253
0.519713
0.602092
0.397877
0.641007
0.519713
0.248741
0.768953
0.692578
0.733767
0.564632
0.783350
0.523442
0.647659
0.693226
-0.372182
-0.414807
-0.372182
-0.542754
0.395496
-0.458290
0.523442
0.733767
0.605821
0.564632
-0.582507
0.907281
0.694085
0.857984
0.631940
0.002037
0.252479
-0.372182
0.719107
0.129222
0.153870
0.215979
-0.798077
0.283084
0.339833
0.298507
0.308739
0.092600
0.426304
0.682197
0.487976
0.729390
0.352222
0.417237
0.515335
0.487976
0.435249
0.391118
0.499616
0.515335
0.519064
0.376048
0.647659
0.627332
0.732331
0.474146
0.519713
0.730038
0.779335
0.627562
0.169528
-0.560254
0.391767
-0.639339
0.335498
0.621559
0.523442
0.422255
0.600852
0.452423
0.647659
0.773521
0.560254
0.907281
0.269843
0.866091
0.351436
-0.086364
-0.086364
-0.086364
-0.033262
-0.086364
-0.033262
-0.086364
-0.086364
-0.033262
-0.086364
-0.086364
-0.086364
-0.086364
-0.086364
-0.383446
-0.086364
-0.127553
-0.086364
-0.033262
-0.214310
-0.127553
-0.127553
-0.127553
-0.086364
-0.033262
-0.127553
-0.511392
-0.598149
0.861942
-0.639339
-0.220201
-0.637990
-0.686419
-0.611575
-0.471716
-0.639339
-0.545047
0.641007
0.546715
0.519713
-0.342257
0.436685
0.436685
0.055708
0.649304
0.820524
0.354306
0.523442
0.402735
0.094685
0.566925
0.391118
0.090307
-0.086364
0.432956
-0.214310
0.226360
0.226360
-0.334721
-0.334721
-0.127553
-0.255500
-0.255500
-0.074451
-0.342257
0.349929
0.607328
-0.033262
-0.033262
0.563195
0.822817
0.907281
0.779335
0.907281
0.779335
0.564632
0.822031
0.779335
0.141111
0.055788
0.141111
-0.116289
0.226360
-0.075100
-0.375911
-0.116289
-0.033262
-0.033262
0.271927
0.177064
0.346199
0.094036
-0.072807
0.054537
-0.037639
0.394060
0.477875
0.482253
0.855710
0.218253
0.391767
0.432956
0.482253
0.391767
0.816795
0.686574
0.768953
0.727764
0.210718
0.394060
0.525735
-0.155186
-0.466474
-0.241942
-0.448462
0.591580
0.343925
0.622362
0.468834
0.773331
0.350577
0.476439
0.391767
0.520572
0.520572
0.566139
0.566139
0.742993
0.560902
0.519713
0.523442
0.370848
0.560902
0.689219
0.548990
0.688849
0.177064
-0.089757
0.902903
0.727764
-0.642505
-0.642505
-0.729262
-0.642505
-0.683694
-0.518936
-0.473369
-0.560126
-0.518936
-0.515770
-0.642505
-0.560126
0.248741
-0.515770
-0.642505
-0.601315
-0.560126
-0.683694
-0.515770
-0.560126
-0.143273
-0.541317
-0.210581
-0.556960
0.349929
0.267550
0.255636
0.297474
0.395496
-0.511393
-0.586236
-0.842129
-0.842129
-0.714182
0.515155
0.614005
0.477695
0.387209
0.011657
0.903552
0.226360
0.629358
-0.545047
-0.578701
-0.672993
0.861714
0.349929
0.462804
-0.672993
0.068584
0.733767
0.007928
0.135874
0.605821
0.564632
0.519713
-0.537511
0.351436
0.376048
0.263172
0.433815
0.354306
0.351436
0.351436
0.013608
0.109774
0.015482
0.653681
0.564632
0.605821
0.610199
0.564632
0.479382
-0.712538
-0.326614
-0.209049
-0.623696
0.730038
0.776464
0.820524
0.560902
0.602092
0.647659
0.647659
0.732331
0.688849
0.604385
0.779335
0.743869
-0.336996
0.702819
0.653681
0.564632
0.816146
0.651388
0.523442
0.651388
-0.797210
-0.628074
0.820524
-0.584592
-0.594420
0.564632
0.733767
0.907281
0.692578
0.653681
0.735275
0.735275
0.735275
0.733767
0.653681
0.733767
0.649304
0.428578
-0.413371
-0.503857
0.560902
0.736060
0.822817
0.513061
-0.722366
-0.722366
-0.722366
-0.748781
-0.722366
-1.000000
-0.838399
-0.722366
-0.722366
-0.748781
-0.722366
-0.413371
-0.454561
-0.488215
-0.541317
-0.582507
-0.488215
0.736060
0.822817
0.513061
-0.722366
-0.722366
-0.722366
-0.748781
-0.722366
-1.000000
-0.838399
-0.722366
-0.722366
-0.748781
-0.722366
-0.413371
-0.454561
-0.488215
-0.541317
-0.582507
-0.488215
0.478523
-0.665458
-0.542185
0.011657
0.776464
0.692578
0.436685
-0.473369
-0.639987
-0.417100
0.938089
0.773521
0.546696
-0.154617
-0.710453
0.180793
0.779335
0.356599
0.011657
-0.082635
-0.086364
-0.458290
0.169528
0.768953
0.545183
0.774957
0.310246
0.305010
-0.586236
-0.545047
-0.545047
-0.628074
0.606470
0.647659
0.394060
-0.444459
0.520300
0.177064
0.480168
-0.537511
-0.251771
-0.397310
-0.594420
-0.422991
-0.481774
-0.033262
-0.168799
-0.446606
-0.321986
-0.165586
-0.598149
-0.409565
-0.321986
-0.259877
0.643281
0.774957
0.692578
0.661490
0.702679
0.917382
0.661490
0.702679
0.857984
0.857984
0.783141
0.857984
0.857984
0.500265
0.768953
0.857984
0.944741
0.855710
0.816795
0.899174
0.938089
0.651388
0.206912
-0.330344
-0.417100
0.393411
0.584080
0.564632
0.694871
0.781628
0.822817
-0.461709
-0.461709
0.649304
0.608114
0.680742
0.639552
0.432956
0.432956
0.391767
0.428578
0.474146
0.432956
0.734416
0.775605
0.688849
0.776464
0.688849
0.688849
0.816795
0.775605
0.223490
0.218253
0.651388
0.631262
-0.518936
0.738145
-0.639339
