0.589237 0.595237 0.592205 0.995046 0.101260 -0.127674 -0.230670 -0.271687 -0.277219 -0.057307 0.048669 -0.689287 -0.390599
0.584591 0.590588 0.587558 0.995046 0.101260 -0.127674 -0.230670 -0.271687 -0.277219 -0.057307 0.048669 -0.689287 -0.390599
0.838067 0.837235 0.838758 -0.185484 0.101260 -0.127674 -0.230670 -0.271687 -0.277219 -0.057307 0.048669 -1.771945 -0.937725
0.817124 0.804648 0.810833 -1.956280 2.356933 -0.127674 -0.230670 3.680709 -0.277219 -0.057307 0.231851 0.393372 -0.609450
-0.366508 -0.361136 -0.363751 0.995046 0.101260 -0.127674 -0.230670 -0.271687 -0.277219 -0.057307 1.697308 0.393372 -1.375426
-0.364178 -0.358804 -0.361420 0.995046 0.101260 -0.127674 -0.230670 -0.271687 -0.277219 -0.057307 1.697308 0.393372 -1.375426
0.589237 0.595237 0.592205 0.995046 0.101260 -0.127674 -0.230670 -0.271687 -0.277219 -0.057307 0.048669 -0.689287 -0.390599
0.584591 0.590588 0.587558 0.995046 0.101260 -0.127674 -0.230670 -0.271687 -0.277219 -0.057307 0.048669 -0.689287 -0.390599
0.838067 0.837235 0.838758 -0.185484 0.101260 -0.127674 -0.230670 -0.271687 -0.277219 -0.057307 0.048669 -1.771945 -0.937725
-0.931587 -0.938227 -0.935925 -1.366015 0.101260 -0.127674 -0.230670 -0.271687 -0.277219 -0.057307 0.048669 1.476030 0.703652
-1.038555 -1.045257 -1.042917 -1.366015 0.101260 -0.127674 -0.230670 -0.271687 -0.277219 -0.057307 -0.500878 1.476030 1.250778
-1.026929 -1.033627 -1.031287 -1.366015 0.101260 -0.127674 -0.230670 -0.271687 -0.277219 -0.057307 -0.500878 1.476030 1.250778
-0.859498 -0.866087 -0.861500 -0.775749 3.162531 -0.127674 -0.230670 3.680709 -0.277219 -0.057307 0.231851 1.596326 0.375377
-0.350226 -0.354155 -0.352112 -0.775749 -0.382098 -0.127674 -0.230670 -0.271687 1.981194 -0.057307 -1.599970 -0.689287 1.250778
0.905500 0.897731 0.901558 -1.366015 0.101260 -0.127674 -0.230670 -0.271687 -0.277219 -0.057307 -1.599970 -1.771945 0.703652
0.663660 0.655733 0.659666 -1.366015 0.101260 -0.127674 -0.230670 -0.271687 -0.277219 -0.057307 0.598215 -0.689287 -0.937725
0.796195 0.786037 0.789900 -1.366015 3.162531 -0.127674 -0.230670 3.680709 -0.277219 -0.057307 -0.073453 -0.208105 -0.609450
0.400882 0.399774 0.399158 -0.185484 0.745738 -0.127674 -0.230670 3.680709 -0.277219 -0.057307 0.231851 -1.411059 -1.594276
-0.924611 -0.938227 -0.931282 -1.956280 0.101260 -0.127674 -0.230670 -0.271687 -0.277219 -0.057307 -0.500878 1.476030 1.250778
-0.945539 -0.959169 -0.952215 -1.956280 0.101260 -0.127674 -0.230670 -0.271687 -0.277219 -0.057307 -0.500878 1.476030 1.250778
1.349651 1.339854 1.345805 -1.366015 -0.382098 -0.127674 -0.230670 -0.271687 -0.277219 -0.057307 -1.050424 0.393372 1.250778
0.721800 0.711580 0.717805 -1.366015 -0.865457 -0.127674 -0.230670 -0.271687 -0.277219 -0.057307 1.147761 0.393372 -0.937725
0.047422 0.043752 0.045622 -0.775749 -3.362810 -0.127674 -0.230670 -0.271687 -0.277219 -0.057307 0.048669 1.476030 0.703652
-1.447831 -1.452476 -1.449954 -0.775749 0.101260 -0.127674 -0.230670 -0.271687 -0.277219 -0.057307 -0.500878 1.476030 1.250778
-1.431553 -1.436183 -1.433672 -0.775749 0.101260 -0.127674 -0.230670 -0.271687 -0.277219 -0.057307 -0.500878 1.476030 1.250778
0.645061 0.634791 0.641050 -1.366015 0.101260 11.016470 -0.230670 -0.271687 -0.277219 -0.057307 0.598215 1.476030 0.156526
0.096247 0.087955 0.092121 -1.366015 -2.396092 5.444398 -0.230670 -0.271687 4.239608 -0.057307 -1.599970 0.393372 1.907329
-1.022277 -1.031295 -1.026644 -1.366015 0.101260 -0.127674 -0.230670 -0.271687 -0.277219 -0.057307 -0.500878 2.558689 1.907329
-0.187455 -0.186629 -0.186990 -0.185484 0.101260 -0.127674 -0.230670 -0.271687 -0.277219 -0.057307 1.697308 -0.689287 -1.813127
0.933405 0.939630 0.936447 0.995046 0.101260 -0.127674 -0.230670 -0.271687 -0.277219 -0.057307 -0.500878 -0.689287 0.156526
-1.301329 -1.308211 -1.303421 -0.775749 0.101260 -0.127674 -0.230670 -0.271687 -0.277219 -0.057307 -0.500878 0.393372 0.703652
-1.308306 -1.315191 -1.310399 -0.775749 0.101260 -0.127674 -0.230670 -0.271687 -0.277219 -0.057307 -0.500878 0.393372 0.703652
-1.296679 -1.303561 -1.298769 -0.775749 0.101260 -0.127674 -0.230670 -0.271687 -0.277219 -0.057307 -0.500878 0.393372 0.703652
0.386925 0.385799 0.385188 -0.185484 -0.865457 5.444398 -0.230670 -0.271687 4.239608 -0.057307 0.537154 -0.208105 -1.375426
-1.864082 -1.871326 -1.866304 -0.775749 0.101260 -0.127674 -0.230670 -0.271687 -0.277219 -0.057307 -0.500878 0.393372 0.703652
1.370594 1.365460 1.369069 -0.775749 0.101260 -0.127674 -0.230670 -0.271687 -0.277219 -0.057307 -1.050424 -1.771945 0.047101
1.363618 1.358479 1.362092 -0.775749 0.101260 -0.127674 -0.230670 -0.271687 -0.277219 -0.057307 -1.050424 -1.771945 0.047101
-0.645559 -0.654340 -0.649836 -0.775749 -2.637772 -0.127674 5.087805 -0.271687 -0.277219 -0.057307 -1.599970 -0.689287 1.250778
-0.173503 -0.165687 -0.170704 0.995046 0.101260 -0.127674 -0.230670 -0.271687 -0.277219 -0.057307 1.147761 -2.854603 -2.250827
0.575299 0.581276 0.578249 0.995046 0.101260 -0.127674 -0.230670 -0.271687 -0.277219 -0.057307 0.048669 -0.689287 -0.390599
0.477631 0.471914 0.475913 -0.775749 0.101260 -0.127674 2.428567 -0.271687 1.981194 -0.057307 0.598215 -0.689287 -0.937725
0.405534 0.399774 0.403805 -0.775749 3.162531 -0.127674 -0.230670 -0.271687 1.981194 -0.057307 0.231851 -0.208105 -1.047150
0.400887 0.395125 0.399158 -0.775749 3.162531 -0.127674 -0.230670 -0.271687 1.981194 -0.057307 0.231851 -0.208105 -1.047150
0.417156 0.411404 0.415430 -0.775749 3.162531 -0.127674 -0.230670 -0.271687 1.981194 -0.057307 0.231851 -0.208105 -1.047150
0.412510 0.406755 0.410783 -0.775749 3.162531 -0.127674 -0.230670 -0.271687 1.981194 -0.057307 0.231851 -0.208105 -1.047150
0.424137 0.418385 0.422408 -0.775749 0.101260 -0.127674 -0.230670 -0.271687 -0.277219 -0.057307 0.598215 -0.689287 -0.937725
0.865958 0.862827 0.864339 -0.775749 0.101260 -0.127674 -0.230670 -0.271687 -0.277219 -0.057307 -0.500878 0.393372 0.703652
-0.178153 -0.179648 -0.177681 -0.185484 -0.382098 -0.127674 -0.230670 -0.271687 -0.277219 -0.057307 2.246854 0.393372 -1.813127
-0.726949 -0.728802 -0.726591 -0.185484 0.101260 -0.127674 -0.230670 -0.271687 -0.277219 -0.057307 0.598215 1.476030 0.156526
0.700871 0.697618 0.699202 -0.185484 0.101260 -0.127674 -0.230670 -0.271687 -0.277219 -0.057307 0.598215 0.393372 -0.390599
1.000837 1.002443 1.001564 -0.185484 0.101260 -0.127674 2.428567 -0.271687 -0.277219 -0.057307 0.048669 1.476030 0.703652
0.214844 0.215941 0.215405 -0.185484 0.101260 5.444398 -0.230670 -0.271687 1.981194 -0.057307 0.048669 0.393372 0.156526
0.359030 0.360221 0.359622 -0.185484 3.162531 5.444398 -0.230670 -0.271687 4.239608 -0.057307 0.231851 0.393372 -0.390599
0.021833 0.022796 0.022344 -0.185484 -1.429375 -0.127674 -0.230670 -0.271687 4.239608 -0.057307 -1.050424 0.393372 1.250778
0.266003 0.269456 0.268897 0.404781 -1.671055 -0.127674 -0.230670 -0.271687 -0.277219 -0.057307 0.231851 -0.809582 -1.266001
1.133401 1.125780 1.129494 -1.366015 0.101260 -0.127674 -0.230670 -0.271687 -0.277219 -0.057307 0.598215 1.476030 0.156526
1.186881 1.179295 1.182986 -1.366015 0.101260 -0.127674 -0.230670 -0.271687 -0.277219 -0.057307 0.598215 1.476030 0.156526
0.968286 0.969871 0.969005 -0.185484 0.101260 -0.127674 -0.230670 -0.271687 -0.277219 -0.057307 -0.500878 0.393372 0.703652
0.063691 0.067012 0.066541 0.404781 0.101260 -0.127674 -0.230670 -0.271687 1.981194 -0.057307 0.048669 -0.689287 -0.390599
0.968286 0.969871 0.969005 -0.185484 0.101260 -0.127674 -0.230670 -0.271687 -0.277219 -0.057307 -0.500878 0.393372 0.703652
0.063691 0.067012 0.066541 0.404781 0.101260 -0.127674 -0.230670 -0.271687 1.981194 -0.057307 0.048669 -0.689287 -0.390599
-0.206049 -0.198245 -0.200931 1.585311 0.101260 -0.127674 -0.230670 -0.271687 -0.277219 -0.057307 1.147761 0.393372 -0.937725
-1.931519 -1.929504 -1.931421 0.404781 -0.865457 -0.127674 -0.230670 -0.271687 -0.277219 -0.057307 -0.500878 0.393372 0.703652
0.789219 0.793018 0.792230 0.404781 0.101260 -0.127674 -0.230670 -0.271687 -0.277219 -0.057307 -0.500878 -0.689287 0.156526
0.793879 0.797681 0.796891 0.404781 0.101260 -0.127674 -0.230670 -0.271687 -0.277219 -0.057307 -0.500878 -0.689287 0.156526
-0.464176 -0.463531 -0.463770 -0.185484 0.101260 -0.127674 -0.230670 -0.271687 -0.277219 -0.057307 0.598215 -1.771945 -1.375426
0.889231 0.895413 0.892250 0.995046 0.101260 -0.127674 -0.230670 -0.271687 -0.277219 -0.057307 0.048669 0.393372 0.156526
-0.675790 -0.670620 -0.673100 0.995046 0.101260 -0.127674 -0.230670 -0.271687 -0.277219 -0.057307 -0.500878 -0.689287 0.156526
-0.680441 -0.675273 -0.677751 0.995046 0.101260 -0.127674 -0.230670 -0.271687 -0.277219 -0.057307 -0.500878 -0.689287 0.156526
-0.694393 -0.689235 -0.691707 0.995046 0.101260 -0.127674 -0.230670 -0.271687 -0.277219 -0.057307 -0.500878 -0.689287 0.156526
-0.682767 -0.677600 -0.680078 0.995046 0.101260 -0.127674 -0.230670 -0.271687 -0.277219 -0.057307 -0.500878 -0.689287 0.156526
-0.699044 -0.693884 -0.696358 0.995046 0.101260 -0.127674 -0.230670 -0.271687 -0.277219 -0.057307 -1.050424 -0.689287 0.703652
0.979909 0.986164 0.982961 0.995046 0.101260 -0.127674 2.428567 -0.271687 -0.277219 -0.057307 -0.500878 -0.689287 0.156526
-0.164196 -0.156374 -0.159065 0.995046 0.101260 -0.127674 2.428567 -0.271687 -0.277219 -0.057307 0.598215 -1.771945 -1.375426
1.086883 1.088545 1.087628 0.404781 -0.865457 -0.127674 -0.230670 -0.271687 -0.277219 -0.057307 0.048669 -0.689287 -0.390599
0.963626 0.965207 0.964344 0.404781 -1.429375 -0.127674 2.428567 -0.271687 -0.277219 -0.057307 0.598215 -0.689287 -0.937725
-0.582777 -0.575224 -0.580062 0.995046 0.101260 -0.127674 -0.230670 -0.271687 -0.277219 -0.057307 0.048669 0.393372 0.156526
0.112524 0.118210 0.115385 0.995046 0.101260 -0.127674 -0.230670 -0.271687 1.981194 -0.057307 1.147761 0.393372 -0.937725
-0.936237 -0.928914 -0.931272 0.995046 0.101260 -0.127674 -0.230670 -0.271687 -0.277219 -0.057307 -2.149517 -0.689287 1.907329
-0.178143 -0.179634 -0.179998 -0.185484 0.101260 -0.127674 -0.230670 -0.271687 -0.277219 -0.057307 1.697308 -0.689287 -1.813127
-0.210709 -0.202908 -0.205593 1.585311 0.101260 -0.127674 -0.230670 -0.271687 -0.277219 -0.057307 1.147761 0.393372 -0.937725
-0.208379 -0.200577 -0.203262 1.585311 0.101260 -0.127674 -0.230670 -0.271687 -0.277219 -0.057307 1.147761 0.393372 -0.937725
-1.152502 -1.145320 -1.149919 1.585311 3.162531 -0.127674 -0.230670 -0.271687 -0.277219 -0.057307 -1.599970 -0.689287 1.250778
-1.138549 -1.131358 -1.135964 1.585311 3.162531 -0.127674 -0.230670 -0.271687 -0.277219 -0.057307 -1.050424 -0.689287 0.703652
-1.157152 -1.149969 -1.154571 1.585311 3.162531 -0.127674 -0.230670 -0.271687 -0.277219 -0.057307 -1.599970 -0.689287 1.250778
1.245007 1.253753 1.248116 1.585311 -0.059859 -0.127674 -0.230670 -0.271687 1.981194 -0.057307 -1.599970 -0.208105 1.360203
-1.798971 -1.792219 -1.794196 1.585311 0.101260 -0.127674 -0.230670 -0.271687 -0.277219 -0.057307 -1.599970 -0.689287 1.250778
-0.294416 -0.298308 -0.296290 -0.775749 0.101260 -0.127674 -0.230670 -0.271687 -0.277219 -0.057307 0.598215 0.393372 -0.390599
0.954334 0.960558 0.957366 0.995046 0.101260 -0.127674 -0.230670 -0.271687 -0.277219 -0.057307 0.048669 0.393372 0.156526
1.096189 1.088545 1.092275 -1.366015 0.101260 -0.127674 -0.230670 -0.271687 -0.277219 -0.057307 0.598215 1.476030 0.156526
1.351981 1.360797 1.357430 1.585311 -0.865457 -0.127674 -0.230670 -0.271687 1.981194 -0.057307 -2.149517 -0.689287 1.907329
0.386925 0.395111 0.392166 0.995046 0.101260 -0.127674 -0.230670 -0.271687 -0.277219 -0.057307 1.697308 0.393372 -1.375426
0.256702 0.260144 0.257272 0.404781 -1.429375 -0.127674 -0.230670 -0.271687 6.498021 -0.057307 0.048669 -1.771945 -0.937725
0.300890 0.304360 0.301469 0.404781 -1.912734 -0.127674 -0.230670 -0.271687 4.239608 -0.057307 -1.050424 -0.689287 0.703652
0.305536 0.309010 0.306116 0.404781 -1.912734 -0.127674 -0.230670 -0.271687 4.239608 -0.057307 -1.050424 -0.689287 0.703652
0.263678 0.267125 0.264249 0.404781 -1.429375 -0.127674 -0.230670 -0.271687 6.498021 -0.057307 0.048669 -1.771945 -0.937725
0.266008 0.269456 0.266580 0.404781 -1.912734 -0.127674 -0.230670 -0.271687 4.239608 -0.057307 -1.050424 -0.689287 0.703652
0.352048 0.357889 0.354961 0.404781 3.162531 -0.127674 -0.230670 3.680709 -0.277219 -0.057307 1.758368 0.393372 -2.250827
-1.931519 -1.929504 -1.931421 0.404781 -0.865457 -0.127674 -0.230670 -0.271687 -0.277219 -0.057307 -0.500878 0.393372 0.703652
-1.931519 -1.929504 -1.931421 0.404781 -0.865457 -0.127674 -0.230670 -0.271687 -0.277219 -0.057307 -0.500878 0.393372 0.703652
-1.931519 -1.929504 -1.931421 0.404781 -0.865457 -0.127674 -0.230670 -0.271687 -0.277219 -0.057307 -0.500878 0.393372 0.703652
0.670622 0.674344 0.671277 0.404781 0.101260 -0.127674 -0.230670 -0.271687 -0.277219 -0.057307 0.598215 -0.689287 -0.937725
-1.931519 -1.929504 -1.931421 0.404781 -0.865457 -0.127674 -0.230670 -0.271687 -0.277219 -0.057307 -0.500878 0.393372 0.703652
-1.931519 -1.929504 -1.931421 0.404781 -0.865457 -0.127674 -0.230670 -0.271687 -0.277219 -0.057307 -0.500878 0.393372 0.703652
-1.931519 -1.929504 -1.931421 0.404781 -0.865457 -0.127674 -0.230670 -0.271687 -0.277219 -0.057307 -0.500878 0.393372 0.703652
-1.931519 -1.929504 -1.931421 0.404781 -0.865457 -0.127674 -0.230670 -0.271687 -0.277219 -0.057307 -0.500878 0.393372 0.703652
-1.931519 -1.929504 -1.931421 0.404781 -0.865457 -0.127674 -0.230670 -0.271687 -0.277219 -0.057307 -0.500878 0.393372 0.703652
-1.931519 -1.929504 -1.931421 0.404781 -0.865457 -0.127674 -0.230670 -0.271687 -0.277219 -0.057307 -0.500878 0.393372 0.703652
-1.931519 -1.929504 -1.931421 0.404781 -0.865457 -0.127674 -0.230670 -0.271687 -0.277219 -0.057307 -0.500878 0.393372 0.703652
-1.931519 -1.929504 -1.931421 0.404781 -0.865457 -0.127674 -0.230670 -0.271687 -0.277219 -0.057307 -0.500878 0.393372 0.703652
-1.931519 -1.929504 -1.931421 0.404781 -0.865457 -0.127674 -0.230670 -0.271687 -0.277219 -0.057307 -0.500878 0.393372 0.703652
-1.931519 -1.929504 -1.931421 0.404781 -0.865457 -0.127674 -0.230670 -0.271687 -0.277219 -0.057307 -0.500878 0.393372 0.703652
-1.931519 -1.929504 -1.931421 0.404781 -0.865457 -0.127674 -0.230670 -0.271687 -0.277219 -0.057307 -0.500878 0.393372 0.703652
-1.931519 -1.929504 -1.931421 0.404781 -0.865457 -0.127674 -0.230670 -0.271687 -0.277219 -0.057307 -0.500878 0.393372 0.703652
-1.931519 -1.929504 -1.931421 0.404781 -0.865457 -0.127674 -0.230670 -0.271687 -0.277219 -0.057307 -0.500878 0.393372 0.703652
-1.931519 -1.929504 -1.931421 0.404781 -0.865457 -0.127674 -0.230670 -0.271687 -0.277219 -0.057307 -0.500878 0.393372 0.703652
-1.931519 -1.929504 -1.931421 0.404781 -0.865457 -0.127674 -0.230670 -0.271687 -0.277219 -0.057307 -0.500878 0.393372 0.703652
-1.931519 -1.929504 -1.931421 0.404781 -0.865457 -0.127674 -0.230670 -0.271687 -0.277219 -0.057307 -0.500878 0.393372 0.703652
-1.931519 -1.929504 -1.931421 0.404781 -0.865457 -0.127674 -0.230670 -0.271687 -0.277219 -0.057307 -0.500878 0.393372 0.703652
-1.931519 -1.929504 -1.931421 0.404781 -0.865457 -0.127674 -0.230670 -0.271687 -0.277219 -0.057307 -0.500878 0.393372 0.703652
-1.752461 -1.764296 -1.759307 -1.366015 0.101260 -0.127674 -0.230670 -0.271687 1.981194 -0.057307 -2.149517 -1.771945 1.250778
-1.931519 -1.931822 -1.931421 0.404781 0.101260 -0.127674 -0.230670 -0.271687 -0.277219 -0.057307 0.048669 0.393372 0.156526
-1.931519 -1.931822 -1.931421 0.404781 0.101260 -0.127674 -0.230670 -0.271687 -0.277219 -0.057307 0.048669 0.393372 0.156526
-1.931519 -1.931822 -1.931421 0.404781 0.101260 -0.127674 -0.230670 -0.271687 -0.277219 -0.057307 0.048669 0.393372 0.156526
-1.931519 -1.931822 -1.931421 0.404781 0.101260 -0.127674 -0.230670 -0.271687 -0.277219 -0.057307 0.048669 0.393372 0.156526
-1.931519 -1.931822 -1.931421 0.404781 0.101260 -0.127674 -0.230670 -0.271687 -0.277219 -0.057307 0.048669 0.393372 0.156526
-1.931519 -1.931822 -1.931421 0.404781 0.101260 -0.127674 -0.230670 -0.271687 -0.277219 -0.057307 0.048669 0.393372 0.156526
-1.931519 -1.931822 -1.931421 0.404781 0.101260 -0.127674 -0.230670 -0.271687 -0.277219 -0.057307 0.048669 0.393372 0.156526
-1.931519 -1.931822 -1.931421 0.404781 0.101260 -0.127674 -0.230670 -0.271687 -0.277219 -0.057307 0.048669 0.393372 0.156526
-1.931519 -1.931822 -1.931421 0.404781 0.101260 -0.127674 -0.230670 -0.271687 -0.277219 -0.057307 0.048669 0.393372 0.156526
-1.931519 -1.931822 -1.931421 0.404781 0.101260 -0.127674 -0.230670 -0.271687 -0.277219 -0.057307 0.048669 0.393372 0.156526
-1.931519 -1.931822 -1.931421 0.404781 0.101260 -0.127674 -0.230670 -0.271687 -0.277219 -0.057307 0.048669 0.393372 0.156526
-1.931519 -1.931822 -1.931421 0.404781 0.101260 -0.127674 -0.230670 -0.271687 -0.277219 -0.057307 0.048669 0.393372 0.156526
-1.931519 -1.931822 -1.931421 0.404781 0.101260 -0.127674 -0.230670 -0.271687 -0.277219 -0.057307 0.048669 0.393372 0.156526
-1.931519 -1.931822 -1.931421 0.404781 0.101260 -0.127674 -0.230670 -0.271687 -0.277219 -0.057307 0.048669 0.393372 0.156526
-1.931519 -1.931822 -1.931421 0.404781 0.101260 -0.127674 -0.230670 -0.271687 -0.277219 -0.057307 0.048669 0.393372 0.156526
0.591567 0.599887 0.594536 0.995046 0.101260 -0.127674 -0.230670 -0.271687 -0.277219 -0.057307 0.598215 0.393372 -0.390599
0.128813 0.132171 0.129355 0.404781 -2.396092 5.444398 -0.230670 -0.271687 -0.277219 -0.057307 -0.500878 -0.689287 0.156526
-0.150238 -0.147062 -0.149756 0.404781 0.101260 -0.127674 -0.230670 -0.271687 -0.277219 -0.057307 1.697308 -1.771945 -2.250827
-0.124663 -0.121470 -0.124176 0.404781 0.101260 -0.127674 -0.230670 -0.271687 -0.277219 -0.057307 1.697308 -1.771945 -2.250827
-0.143262 -0.140081 -0.142779 0.404781 0.101260 -0.127674 -0.230670 -0.271687 -0.277219 -0.057307 1.697308 -1.771945 -2.250827
-0.159545 -0.156374 -0.159065 0.404781 0.101260 -0.127674 -0.230670 -0.271687 -0.277219 -0.057307 1.697308 -1.771945 -2.250827
-0.213025 -0.212207 -0.212556 -0.185484 0.101260 -0.127674 -0.230670 -0.271687 -0.277219 -0.057307 2.246854 -0.689287 -2.250827
1.140363 1.128098 1.134141 -1.956280 0.101260 -0.127674 -0.230670 -0.271687 -0.277219 -0.057307 0.598215 0.393372 -0.390599
-0.082806 -0.095864 -0.089287 -1.956280 0.101260 -0.127674 -0.230670 -0.271687 -0.277219 -0.057307 0.598215 0.393372 -0.390599
-0.082806 -0.095864 -0.089287 -1.956280 0.101260 -0.127674 -0.230670 -0.271687 -0.277219 -0.057307 0.598215 0.393372 -0.390599
0.903170 0.893081 0.896897 -1.956280 0.101260 -0.127674 -0.230670 -0.271687 -0.277219 -0.057307 0.598215 0.393372 -0.390599
0.128813 0.125191 0.127024 -0.775749 0.101260 -0.127674 2.428567 -0.271687 -0.277219 -0.057307 1.147761 0.393372 -0.937725
0.128813 0.125191 0.127024 -0.775749 0.101260 -0.127674 2.428567 -0.271687 -0.277219 -0.057307 1.147761 0.393372 -0.937725
0.126483 0.122859 0.124694 -0.775749 0.101260 -0.127674 2.428567 -0.271687 -0.277219 -0.057307 1.147761 0.393372 -0.937725
1.121764 1.121117 1.120186 -0.185484 0.101260 -0.127674 -0.230670 -0.271687 -0.277219 -0.057307 -0.500878 -0.689287 0.156526
0.598543 0.595224 0.596852 -0.185484 -0.865457 -0.127674 -0.230670 -0.271687 -0.277219 -0.057307 -0.500878 -1.771945 -0.390599
0.628779 0.625478 0.627094 -0.185484 -0.865457 -0.127674 -0.230670 -0.271687 -0.277219 -0.057307 -0.500878 -1.771945 -0.390599
-0.006072 -0.012108 -0.010215 -0.775749 0.101260 -0.127674 -0.230670 -0.271687 1.981194 -0.057307 -0.500878 0.393372 0.703652
0.119506 0.111229 0.115385 -0.775749 0.101260 -0.127674 -0.230670 -0.271687 -0.277219 -0.057307 2.246854 -1.771945 -2.579103
-0.592074 -0.603147 -0.596348 -1.366015 0.101260 -0.127674 -0.230670 -0.271687 -0.277219 -0.057307 1.147761 1.476030 -0.390599
-0.596724 -0.607800 -0.601000 -1.366015 0.101260 -0.127674 -0.230670 -0.271687 -0.277219 -0.057307 1.147761 1.476030 -0.390599
-0.410691 -0.412333 -0.412595 -0.775749 0.101260 -0.127674 -0.230670 -0.271687 -0.277219 -0.057307 1.147761 1.476030 -0.390599
-0.585097 -0.596166 -0.589371 -1.366015 0.101260 -0.127674 -0.230670 -0.271687 -0.277219 -0.057307 1.147761 1.476030 -0.390599
-0.085136 -0.098196 -0.091617 -1.956280 0.101260 -0.127674 -0.230670 -0.271687 -0.277219 -0.057307 0.598215 0.393372 -0.390599
0.454372 0.446309 0.450319 -1.366015 0.101260 -0.127674 -0.230670 -0.271687 -0.277219 -0.057307 1.147761 0.393372 -0.937725
-0.661837 -0.672955 -0.666126 -1.366015 0.101260 -0.127674 -0.230670 -0.271687 -0.277219 -0.057307 0.598215 1.476030 0.156526
1.128740 1.121117 1.124833 -1.366015 0.101260 -0.127674 -0.230670 -0.271687 -0.277219 -0.057307 0.048669 0.393372 0.156526
1.107812 1.100175 1.103900 -1.366015 0.101260 -0.127674 -0.230670 -0.271687 -0.277219 -0.057307 0.048669 0.393372 0.156526
-0.466501 -0.475161 -0.470748 -0.775749 0.745738 -0.127674 -0.230670 -0.271687 1.981194 -0.057307 -1.294667 0.393372 1.250778
-0.468831 -0.477492 -0.473079 -0.775749 -0.382098 -0.127674 2.428567 -0.271687 4.239608 -0.057307 -1.599970 -0.689287 1.250778
1.110128 1.118786 1.113208 0.995046 0.101260 -0.127674 -0.230670 -0.271687 -0.277219 -0.057307 -1.050424 1.476030 1.907329
0.896207 0.888432 0.892250 -1.366015 0.101260 -0.127674 -0.230670 -0.271687 -0.277219 -0.057307 0.048669 0.393372 0.156526
0.889231 0.886101 0.887602 -0.775749 0.101260 -0.127674 2.428567 -0.271687 -0.277219 -0.057307 -1.050424 0.393372 1.250778
-0.599051 -0.593830 -0.596344 0.995046 0.101260 -0.127674 -0.230670 -0.271687 -0.277219 -0.057307 0.048669 0.393372 0.156526
0.958994 0.960572 0.959711 -0.185484 0.101260 -0.127674 -0.230670 -0.271687 -0.277219 -0.057307 -0.500878 0.393372 0.703652
0.858982 0.858177 0.859677 -0.185484 0.101260 -0.127674 -0.230670 -0.271687 1.981194 -0.057307 0.048669 0.393372 0.156526
0.858982 0.858177 0.859677 -0.185484 0.101260 -0.127674 -0.230670 -0.271687 1.981194 -0.057307 0.048669 0.393372 0.156526
0.749691 0.755796 0.752694 0.404781 0.101260 -0.127674 -0.230670 -0.271687 -0.277219 -0.057307 -0.500878 0.393372 0.703652
-0.222327 -0.216870 -0.219534 0.995046 0.101260 -0.127674 -0.230670 -0.271687 -0.277219 -0.057307 1.147761 0.393372 -0.937725
-1.031579 -1.024314 -1.026644 0.995046 0.101260 -0.127674 -0.230670 -0.271687 -0.277219 -0.057307 -1.599970 -0.689287 1.250778
-1.036231 -1.028977 -1.031297 0.995046 0.101260 -0.127674 -0.230670 -0.271687 -0.277219 -0.057307 -1.599970 -0.689287 1.250778
-0.233963 -0.228514 -0.231173 0.995046 0.101260 -0.127674 -0.230670 -0.271687 -0.277219 -0.057307 1.147761 0.393372 -0.937725
-1.033905 -1.026646 -1.028971 0.995046 0.101260 -0.127674 -0.230670 -0.271687 -0.277219 -0.057307 -1.599970 -0.689287 1.250778
-0.671139 -0.663647 -0.666116 0.995046 -0.865457 -0.127674 -0.230670 -0.271687 -0.277219 -0.057307 0.048669 0.393372 0.156526
-0.331631 -0.326246 -0.328862 0.995046 0.101260 -0.127674 -0.230670 -0.271687 -0.277219 -0.057307 1.697308 1.476030 -0.828300
-0.329301 -0.323914 -0.326531 0.995046 0.101260 -0.127674 -0.230670 -0.271687 -0.277219 -0.057307 1.697308 1.476030 -0.828300
0.054398 0.057714 0.057246 0.404781 0.101260 -0.127674 -0.230670 -0.271687 1.981194 -0.057307 0.048669 0.393372 0.156526
-0.464180 -0.458881 -0.461440 0.995046 3.162531 -0.127674 -0.230670 3.680709 -0.277219 -0.057307 0.842458 -1.411059 -2.141402
-0.403720 -0.400703 -0.400970 0.404781 0.101260 -0.127674 -0.230670 -0.271687 1.981194 -0.057307 -0.500878 -0.689287 0.156526
-0.475799 -0.472829 -0.473065 0.404781 3.968128 -0.127674 -0.230670 3.680709 -0.277219 -0.057307 0.537154 0.393372 -0.937725
-0.473483 -0.470511 -0.470748 0.404781 3.968128 -0.127674 -0.230670 3.680709 -0.277219 -0.057307 0.537154 0.393372 -0.937725
0.791563 0.800013 0.794561 0.995046 -0.059859 -0.127674 -0.230670 3.680709 -0.277219 -0.057307 -0.684060 -0.208105 -0.062324
-0.696719 -0.691566 -0.694033 0.404781 -0.865457 -0.127674 -0.230670 -0.271687 -0.277219 -0.057307 -0.500878 -0.689287 0.156526
-0.699044 -0.693884 -0.696358 0.404781 -0.865457 -0.127674 -0.230670 -0.271687 -0.277219 -0.057307 -0.500878 -0.689287 0.156526
-0.701370 -0.696215 -0.698684 0.404781 -0.865457 -0.127674 -0.230670 -0.271687 -0.277219 -0.057307 -0.500878 -0.689287 0.156526
-0.889728 -0.884698 -0.887089 0.404781 -0.059859 -0.127674 -0.230670 -0.271687 -0.277219 17.449928 -1.294667 0.393372 1.469628
-0.919959 -0.914953 -0.917326 0.404781 -0.382098 -0.127674 -0.230670 -0.271687 -0.277219 -0.057307 -1.599970 0.393372 1.907329
-0.936237 -0.931246 -0.933608 0.404781 -0.382098 -0.127674 -0.230670 -0.271687 -0.277219 -0.057307 -1.599970 0.393372 1.907329
-0.980419 -0.975448 -0.977800 0.404781 -0.382098 -0.127674 -0.230670 -0.271687 -0.277219 -0.057307 -1.599970 0.393372 1.907329
-1.010650 -1.005703 -1.008037 0.404781 -0.382098 -0.127674 -0.230670 -0.271687 -0.277219 -0.057307 -1.599970 0.393372 1.907329
-1.047858 -1.042939 -1.045253 0.404781 -0.382098 -0.127674 -0.230670 -0.271687 -0.277219 -0.057307 -1.599970 0.393372 1.907329
-1.010650 -1.005703 -1.008037 0.404781 -0.382098 -0.127674 -0.230670 -0.271687 -0.277219 -0.057307 -1.599970 0.393372 1.907329
-0.978095 -0.973131 -0.975475 0.404781 -0.382098 -0.127674 -0.230670 -0.271687 -0.277219 -0.057307 -1.599970 0.393372 1.907329
-1.031579 -1.026646 -1.028971 0.404781 -0.382098 -0.127674 -0.230670 -0.271687 -0.277219 -0.057307 -1.599970 0.393372 1.907329
-1.075763 -1.070862 -1.073164 0.404781 -0.382098 -0.127674 -0.230670 -0.271687 -0.277219 -0.057307 -1.050424 0.393372 1.250778
-1.092040 -1.087142 -1.089444 0.404781 -0.382098 -0.127674 -0.230670 -0.271687 -0.277219 -0.057307 -1.050424 0.393372 1.250778
-0.717648 -0.714840 -0.714966 0.404781 0.101260 -0.127674 -0.230670 -0.271687 -0.277219 -0.057307 0.048669 1.476030 0.703652
-0.715322 -0.712509 -0.712640 0.404781 0.101260 -0.127674 -0.230670 -0.271687 -0.277219 -0.057307 0.048669 1.476030 0.703652
-0.715322 -0.712509 -0.712640 0.404781 0.101260 -0.127674 -0.230670 -0.271687 -0.277219 -0.057307 0.048669 1.476030 0.703652
-0.701370 -0.698547 -0.698684 0.404781 0.101260 -0.127674 -0.230670 -0.271687 -0.277219 -0.057307 0.048669 0.393372 0.156526
0.991545 1.000125 0.996916 0.995046 0.101260 -0.127674 2.428567 -0.271687 -0.277219 -0.057307 -0.500878 -1.771945 -0.390599
0.793879 0.800013 0.796891 0.404781 2.356933 -0.127674 -0.230670 3.680709 -0.277219 -0.057307 -0.684060 -0.208105 0.375377
-0.768807 -0.761374 -0.763805 1.585311 -0.865457 -0.127674 -0.230670 -0.271687 -0.277219 -0.057307 -1.050424 -0.689287 0.703652
-0.780435 -0.773018 -0.775436 1.585311 -0.865457 -0.127674 -0.230670 -0.271687 -0.277219 -0.057307 -1.050424 -0.689287 0.703652
-0.780435 -0.773018 -0.775436 1.585311 -0.865457 -0.127674 -0.230670 -0.271687 -0.277219 -0.057307 -1.050424 -0.689287 0.703652
-0.780435 -0.773018 -0.775436 1.585311 -0.865457 -0.127674 -0.230670 -0.271687 -0.277219 -0.057307 -1.050424 -0.689287 0.703652
-0.785085 -0.777668 -0.780087 1.585311 -0.865457 -0.127674 -0.230670 -0.271687 -0.277219 -0.057307 -1.050424 -0.689287 0.703652
1.151985 1.156021 1.155075 0.404781 0.101260 -0.127674 -0.230670 -0.271687 -0.277219 -0.057307 -0.500878 0.393372 0.703652
0.340425 0.334615 0.338688 -0.775749 0.101260 -0.127674 -0.230670 -0.271687 -0.277219 -0.057307 1.147761 -0.689287 -1.375426
0.470640 0.478881 0.473583 0.995046 0.101260 -0.127674 -0.230670 -0.271687 -0.277219 -0.057307 1.697308 -0.689287 -1.813127
-0.506038 -0.519377 -0.512615 -1.366015 0.101260 -0.127674 2.428567 -0.271687 -0.277219 -0.057307 1.147761 1.476030 -0.390599
0.093931 0.101930 0.096783 0.995046 0.101260 -0.127674 2.428567 -0.271687 -0.277219 -0.057307 1.147761 0.393372 -0.937725
0.114860 0.122873 0.117716 0.995046 0.101260 -0.127674 2.428567 -0.271687 -0.277219 -0.057307 1.147761 0.393372 -0.937725
0.049744 0.057714 0.052585 0.995046 0.101260 -0.127674 2.428567 -0.271687 -0.277219 -0.057307 1.697308 1.476030 -0.828300
1.193843 1.202555 1.199272 1.585311 0.101260 -0.127674 -0.230670 -0.271687 -0.277219 -0.057307 -1.050424 0.393372 1.250778
1.291525 1.300301 1.296961 1.585311 -1.429375 -0.127674 -0.230670 -0.271687 4.239608 -0.057307 -1.599970 0.393372 1.907329
0.556686 0.564983 0.561963 0.995046 0.101260 -0.127674 -0.230670 -0.271687 1.981194 -0.057307 0.048669 0.393372 0.156526
0.633425 0.641772 0.638719 0.995046 0.101260 -0.127674 -0.230670 -0.271687 -0.277219 -0.057307 -0.500878 0.393372 0.703652
0.796209 0.804662 0.801538 0.995046 0.101260 -0.127674 -0.230670 -0.271687 -0.277219 -0.057307 -0.500878 1.476030 1.250778
0.772950 0.781388 0.778275 0.995046 0.101260 -0.127674 -0.230670 -0.271687 -0.277219 -0.057307 -0.500878 1.476030 1.250778
0.628779 0.637122 0.634072 0.995046 0.101260 -0.127674 -0.230670 -0.271687 -0.277219 -0.057307 -0.500878 0.393372 0.703652
0.677613 0.685988 0.682916 0.995046 0.101260 -0.127674 -0.230670 -0.271687 -0.277219 -0.057307 -0.500878 0.393372 0.703652
0.663660 0.672027 0.668961 0.995046 0.101260 -0.127674 -0.230670 -0.271687 -0.277219 -0.057307 -0.500878 0.393372 0.703652
1.077576 1.083895 1.080650 0.995046 0.101260 -0.127674 -0.230670 -0.271687 -0.277219 -0.057307 -1.050424 -0.689287 0.703652
-0.131640 -0.126119 -0.128837 0.995046 0.101260 -0.127674 -0.230670 -0.271687 -0.277219 -0.057307 1.147761 0.393372 -0.937725
-0.113032 -0.107494 -0.110220 0.995046 0.101260 5.444398 -0.230670 -0.271687 -0.277219 -0.057307 -1.599970 0.393372 1.907329
0.775280 0.769758 0.771297 -0.775749 0.101260 -0.127674 -0.230670 -0.271687 -0.277219 -0.057307 0.048669 0.393372 0.156526
0.189269 0.192667 0.189824 0.404781 0.101260 -0.127674 2.428567 -0.271687 -0.277219 -0.057307 1.147761 1.476030 -0.390599
0.770634 0.762777 0.766650 -1.366015 0.101260 -0.127674 -0.230670 -0.271687 -0.277219 -0.057307 1.147761 2.558689 0.156526
0.761328 0.753465 0.757341 -1.366015 0.101260 -0.127674 -0.230670 -0.271687 -0.277219 -0.057307 1.147761 2.558689 0.156526
0.247400 0.248514 0.247963 -0.185484 0.101260 -0.127674 -0.230670 -0.271687 -0.277219 -0.057307 1.697308 -1.771945 -2.250827
0.282281 0.278769 0.280522 -0.185484 0.101260 -0.127674 -0.230670 -0.271687 1.981194 -0.057307 0.598215 0.393372 -0.390599
0.489239 0.490511 0.489855 -0.185484 0.101260 11.016470 -0.230670 -0.271687 -0.277219 -0.057307 1.147761 -0.689287 -1.375426
0.805516 0.804662 0.806200 -0.185484 0.101260 -0.127674 -0.230670 -0.271687 -0.277219 -0.057307 -0.500878 -0.689287 0.156526
0.638085 0.634791 0.636402 -0.775749 -0.865457 -0.127674 10.406280 -0.271687 -0.277219 -0.057307 0.598215 0.393372 -0.390599
0.638085 0.634791 0.636402 -0.775749 -0.865457 -0.127674 10.406280 -0.271687 -0.277219 -0.057307 0.598215 0.393372 -0.390599
0.638085 0.634791 0.636402 -0.775749 -0.865457 -0.127674 10.406280 -0.271687 -0.277219 -0.057307 0.598215 0.393372 -0.390599
-1.791993 -1.801518 -1.796513 -0.775749 0.101260 -0.127674 -0.230670 -0.271687 -0.277219 -0.057307 0.048669 0.393372 0.156526
0.698541 0.690637 0.694541 -0.775749 0.101260 -0.127674 -0.230670 -0.271687 -0.277219 -0.057307 0.598215 0.393372 -0.390599
0.654354 0.646421 0.650344 -0.775749 0.101260 -0.127674 -0.230670 -0.271687 -0.277219 -0.057307 0.598215 0.393372 -0.390599
0.170670 0.162426 0.166560 -0.775749 0.101260 -0.127674 2.428567 -0.271687 -0.277219 -0.057307 1.147761 1.476030 -0.390599
0.210198 0.201980 0.206097 -0.775749 0.101260 -0.127674 2.428567 -0.271687 -0.277219 -0.057307 1.147761 1.476030 -0.390599
0.119506 0.111229 0.115385 -0.775749 0.101260 -0.127674 -0.230670 -0.271687 -0.277219 -0.057307 1.147761 1.476030 -0.390599
0.647377 0.639440 0.643380 -1.366015 0.101260 -0.127674 -0.230670 -0.271687 -0.277219 -0.057307 0.598215 0.393372 -0.390599
0.817124 0.804648 0.810833 -1.956280 2.356933 -0.127674 -0.230670 3.680709 -0.277219 -0.057307 0.231851 0.393372 -0.609450
0.756668 0.748802 0.752694 -1.366015 0.101260 -0.127674 -0.230670 -0.271687 -0.277219 -0.057307 0.598215 -0.689287 -0.937725
-1.203662 -1.212811 -1.208058 -1.366015 -0.865457 -0.127674 2.428567 -0.271687 1.981194 -0.057307 -2.149517 -1.771945 1.250778
-1.210638 -1.219791 -1.215036 -1.366015 -0.865457 -0.127674 2.428567 -0.271687 1.981194 -0.057307 -2.149517 -1.771945 1.250778
-1.208312 -1.217460 -1.212710 -1.366015 -0.865457 -0.127674 2.428567 -0.271687 1.981194 -0.057307 -2.149517 -1.771945 1.250778
0.514828 0.504473 0.508472 -1.366015 0.101260 -0.127674 -0.230670 -0.271687 -0.277219 -0.057307 1.147761 -0.689287 -1.375426
0.528781 0.518434 0.522427 -1.366015 0.101260 -0.127674 -0.230670 -0.271687 -0.277219 -0.057307 1.147761 -0.689287 -1.375426
0.493899 0.481213 0.487538 -1.366015 0.101260 -0.127674 -0.230670 -0.271687 -0.277219 -0.057307 1.697308 0.393372 -1.375426
0.484593 0.471900 0.478230 -1.366015 0.101260 -0.127674 -0.230670 -0.271687 -0.277219 -0.057307 1.697308 0.393372 -1.375426
0.661330 0.651084 0.655005 -1.956280 0.101260 -0.127674 -0.230670 -0.271687 -0.277219 -0.057307 0.598215 0.393372 -0.390599
0.754352 0.741835 0.748047 -1.366015 0.101260 -0.127674 -0.230670 -0.271687 -0.277219 -0.057307 0.598215 1.476030 0.156526
0.754352 0.741835 0.748047 -1.366015 0.101260 -0.127674 -0.230670 -0.271687 -0.277219 -0.057307 0.598215 1.476030 0.156526
-0.275821 -0.289010 -0.282348 -1.366015 0.101260 -0.127674 -0.230670 -0.271687 -0.277219 -0.057307 1.697308 0.393372 -1.375426
0.805502 0.793018 0.799208 -1.956280 3.162531 -0.127674 2.428567 -0.271687 -0.277219 -0.057307 0.842458 0.994849 -1.047150
0.868288 0.855846 0.862008 -1.956280 0.101260 -0.127674 -0.230670 -0.271687 -0.277219 -0.057307 0.048669 0.393372 0.156526
0.852006 0.839552 0.845722 -1.956280 0.101260 -0.127674 -0.230670 -0.271687 -0.277219 -0.057307 0.598215 0.393372 -0.390599
0.840383 0.827922 0.834097 -1.956280 0.101260 -0.127674 -0.230670 -0.271687 -0.277219 -0.057307 0.598215 0.393372 -0.390599
0.861312 0.848865 0.855030 -1.956280 0.101260 -0.127674 -0.230670 -0.271687 -0.277219 -0.057307 0.598215 0.393372 -0.390599
0.840383 0.827922 0.834097 -1.956280 0.101260 -0.127674 -0.230670 -0.271687 -0.277219 -0.057307 0.598215 0.393372 -0.390599
0.870618 0.858177 0.864339 -1.956280 0.101260 -0.127674 -0.230670 -0.271687 -0.277219 -0.057307 0.048669 0.393372 0.156526
0.865958 0.853514 0.859677 -1.956280 0.101260 -0.127674 -0.230670 -0.271687 -0.277219 -0.057307 0.598215 0.393372 -0.390599
0.840383 0.827922 0.834097 -1.956280 0.101260 -0.127674 -0.230670 -0.271687 -0.277219 -0.057307 0.598215 0.393372 -0.390599
0.842713 0.830254 0.836427 -1.956280 0.101260 -0.127674 -0.230670 -0.271687 -0.277219 -0.057307 0.598215 0.393372 -0.390599
0.812478 0.799999 0.806186 -1.956280 2.356933 -0.127674 -0.230670 3.680709 -0.277219 -0.057307 0.231851 0.393372 -0.609450
0.817124 0.804648 0.810833 -1.956280 2.356933 -0.127674 -0.230670 3.680709 -0.277219 -0.057307 0.231851 0.393372 -0.609450
0.733409 0.720878 0.727100 -1.956280 0.101260 -0.127674 -0.230670 -0.271687 -0.277219 -0.057307 0.598215 1.476030 0.156526
-1.029253 -1.040608 -1.033622 -1.366015 0.101260 -0.127674 -0.230670 -0.271687 -0.277219 -0.057307 0.048669 1.476030 0.703652
0.896193 0.883769 0.889919 -1.956280 0.101260 -0.127674 -0.230670 -0.271687 -0.277219 -0.057307 -0.500878 -0.689287 0.156526
-1.789669 -1.803849 -1.796527 -1.956280 0.101260 -0.127674 -0.230670 -0.271687 -0.277219 -0.057307 -1.050424 -1.771945 0.047101
-1.773390 -1.787556 -1.780241 -1.956280 0.101260 -0.127674 -0.230670 -0.271687 -0.277219 -0.057307 -1.050424 -0.689287 0.703652
0.812478 0.802331 0.806186 -1.956280 3.162531 -0.127674 -0.230670 3.680709 -0.277219 -0.057307 0.231851 0.393372 -0.718875
-0.345580 -0.340193 -0.342818 0.404781 0.101260 -0.127674 -0.230670 -0.271687 -0.277219 -0.057307 0.048669 -0.689287 -0.390599
-0.926935 -0.940544 -0.933603 -1.956280 0.101260 -0.127674 -0.230670 -0.271687 -0.277219 -0.057307 0.048669 1.476030 0.703652
-0.943213 -0.956838 -0.949885 -1.956280 0.101260 -0.127674 -0.230670 -0.271687 -0.277219 -0.057307 0.048669 1.476030 0.703652
0.584591 0.590574 0.587544 0.404781 0.101260 -0.127674 -0.230670 -0.271687 -0.277219 -0.057307 0.048669 -1.771945 -0.937725
-0.906006 -0.914953 -0.910339 -0.775749 -2.637772 -0.127674 -0.230670 3.680709 -0.277219 -0.057307 -1.050424 0.393372 1.250778
-0.943213 -0.952188 -0.947554 -0.775749 -2.637772 -0.127674 -0.230670 3.680709 -0.277219 -0.057307 -1.050424 0.393372 1.250778
-1.003674 -1.012684 -1.008028 -0.775749 -2.637772 -0.127674 -0.230670 3.680709 -0.277219 -0.057307 -1.050424 0.393372 1.250778
-0.931587 -0.940558 -0.935925 -0.775749 -2.637772 -0.127674 -0.230670 3.680709 -0.277219 -0.057307 -1.050424 0.393372 1.250778
-0.999024 -1.008035 -1.003376 -0.775749 -2.637772 -0.127674 -0.230670 3.680709 -0.277219 -0.057307 -1.050424 0.393372 1.250778
-0.954840 -0.963818 -0.959183 -0.775749 -2.637772 -0.127674 -0.230670 3.680709 -0.277219 -0.057307 -1.050424 0.393372 1.250778
0.614826 0.613848 0.613138 -0.775749 0.101260 -0.127674 -0.230670 -0.271687 -0.277219 -0.057307 0.048669 1.476030 0.703652
0.614826 0.613848 0.613138 -0.775749 0.101260 -0.127674 -0.230670 -0.271687 -0.277219 -0.057307 0.048669 1.476030 0.703652
0.610180 0.609199 0.608491 -0.775749 0.101260 -0.127674 -0.230670 -0.271687 -0.277219 -0.057307 0.048669 1.476030 0.703652
0.610180 0.609199 0.608491 -0.775749 0.101260 -0.127674 -0.230670 -0.271687 -0.277219 -0.057307 0.048669 1.476030 0.703652
0.607850 0.606868 0.606161 -0.775749 0.101260 -0.127674 -0.230670 -0.271687 -0.277219 -0.057307 0.048669 1.476030 0.703652
0.610180 0.609199 0.608491 -0.775749 0.101260 -0.127674 -0.230670 -0.271687 -0.277219 -0.057307 0.048669 1.476030 0.703652
0.586921 0.585925 0.585227 -0.775749 0.101260 -0.127674 -0.230670 -0.271687 -0.277219 -0.057307 0.048669 1.476030 0.703652
0.586921 0.585925 0.585227 -0.775749 0.101260 -0.127674 -0.230670 -0.271687 -0.277219 -0.057307 0.048669 1.476030 0.703652
0.542733 0.541709 0.541030 -0.775749 0.101260 -0.127674 -0.230670 -0.271687 -0.277219 -0.057307 0.048669 0.393372 0.156526
-0.643234 -0.645028 -0.645189 -0.775749 0.101260 -0.127674 -0.230670 -0.271687 -0.277219 -0.057307 0.048669 0.393372 0.156526
-0.647884 -0.649681 -0.649840 -0.775749 0.101260 -0.127674 -0.230670 -0.271687 -0.277219 -0.057307 0.048669 0.393372 0.156526
-0.652534 -0.654335 -0.654491 -0.775749 0.101260 -0.127674 -0.230670 -0.271687 -0.277219 -0.057307 0.048669 0.393372 0.156526
0.593897 0.590574 0.592205 -0.185484 -3.362810 5.444398 -0.230670 -0.271687 4.239608 -0.057307 -0.500878 1.476030 1.250778
0.700858 0.699950 0.701519 -0.185484 0.101260 5.444398 -0.230670 -0.271687 4.239608 -0.057307 -1.599970 -0.689287 1.250778
-0.154890 -0.147062 -0.152087 1.585311 0.101260 -0.127674 -0.230670 -0.271687 -0.277219 -0.057307 -1.599970 -1.771945 0.703652
1.086883 1.086213 1.085297 -0.185484 2.356933 -0.127674 -0.230670 -0.271687 -0.277219 17.449928 -1.294667 0.393372 1.469628
0.761314 0.760446 0.761988 -0.185484 0.101260 -0.127674 -0.230670 -0.271687 -0.277219 -0.057307 -0.500878 0.393372 0.703652
0.300884 0.302029 0.301455 -0.185484 -3.282250 11.016470 -0.230670 -0.271687 -0.277219 -0.057307 -1.905274 -0.208105 1.907329
0.475287 0.481213 0.478230 1.585311 0.101260 -0.127674 2.428567 -0.271687 -0.277219 -0.057307 0.048669 0.393372 0.156526
0.040437 0.029777 0.036299 -1.956280 0.101260 -0.127674 -0.230670 -0.271687 -0.277219 -0.057307 2.246854 1.476030 -1.375426
-0.303726 -0.302972 -0.303282 -0.185484 0.101260 -0.127674 -0.230670 -0.271687 -0.277219 -0.057307 1.147761 -0.689287 -1.375426
-0.317679 -0.316933 -0.317237 -0.185484 0.101260 -0.127674 -0.230670 -0.271687 -0.277219 -0.057307 1.147761 -0.689287 -1.375426
1.028743 1.030366 1.029475 -0.185484 0.101260 -0.127674 -0.230670 -0.271687 -0.277219 -0.057307 -1.599970 0.393372 1.907329
-0.482783 -0.475161 -0.480057 1.585311 0.101260 -0.127674 -0.230670 -0.271687 -0.277219 -0.057307 0.048669 -0.689287 -0.390599
-0.482783 -0.475161 -0.480057 1.585311 0.101260 -0.127674 -0.230670 -0.271687 -0.277219 -0.057307 0.048669 -0.689287 -0.390599
-0.492076 -0.484459 -0.489351 1.585311 0.101260 -0.127674 -0.230670 -0.271687 -0.277219 -0.057307 0.048669 -0.689287 -0.390599
0.517144 0.523098 0.520097 0.995046 0.101260 -0.127674 -0.230670 -0.271687 -0.277219 -0.057307 0.048669 -2.854603 -1.375426
-0.838569 -0.849808 -0.842897 -1.366015 0.101260 -0.127674 -0.230670 -0.271687 -0.277219 -0.057307 0.048669 0.393372 0.156526
-0.885077 -0.896342 -0.889415 -1.366015 0.745738 -0.127674 -0.230670 3.680709 -0.277219 -0.057307 -0.073453 0.393372 -0.281174
-0.982745 -0.994073 -0.987104 -1.366015 0.101260 -0.127674 -0.230670 -0.271687 -0.277219 -0.057307 -0.500878 0.393372 0.703652
0.412510 0.418385 0.415430 0.995046 0.101260 -0.127674 -0.230670 -0.271687 -0.277219 -0.057307 1.147761 -1.771945 -1.813127
-0.568825 -0.563594 -0.566107 0.995046 0.101260 -0.127674 -0.230670 -0.271687 -0.277219 -0.057307 -0.500878 0.393372 0.703652
-0.606026 -0.600820 -0.603316 0.995046 0.101260 -0.127674 -0.230670 -0.271687 -0.277219 -0.057307 -0.500878 0.393372 0.703652
-0.624631 -0.619436 -0.621925 0.995046 0.101260 -0.127674 -0.230670 -0.271687 -0.277219 -0.057307 -1.050424 -0.689287 0.703652
-0.603702 -0.598494 -0.600991 0.995046 0.101260 -0.127674 -0.230670 -0.271687 -0.277219 -0.057307 -0.500878 0.393372 0.703652
0.045097 0.034440 0.040960 -1.956280 0.101260 -0.127674 -0.230670 -0.271687 -0.277219 -0.057307 2.246854 1.476030 -1.375426
-1.117620 -1.110416 -1.112694 0.995046 0.101260 -0.127674 2.428567 -0.271687 -0.277219 -0.057307 -1.599970 -0.689287 1.250778
-0.647884 -0.640369 -0.645193 1.585311 -1.429375 -0.127674 -0.230670 -0.271687 -0.277219 -0.057307 -0.500878 0.393372 0.703652
0.252060 0.260158 0.254955 0.995046 0.101260 -0.127674 2.428567 -0.271687 -0.277219 -0.057307 1.147761 -0.689287 -1.375426
0.286941 0.292730 0.289844 0.995046 0.101260 -0.127674 -0.230670 -0.271687 1.981194 -0.057307 0.048669 0.393372 0.156526
0.284611 0.290399 0.287513 0.995046 0.101260 -0.127674 -0.230670 -0.271687 1.981194 -0.057307 0.048669 0.393372 0.156526
1.261290 1.267714 1.264403 1.585311 0.101260 -0.127674 -0.230670 -0.271687 -0.277219 -0.057307 -1.050424 -0.689287 0.703652
1.156646 1.165334 1.162053 1.585311 -1.912734 -0.127674 -0.230670 -0.271687 -0.277219 -0.057307 -0.500878 0.393372 0.703652
1.103165 1.111819 1.108561 1.585311 -1.912734 -0.127674 -0.230670 -0.271687 -0.277219 -0.057307 -0.500878 0.393372 0.703652
1.175258 1.183959 1.180669 1.585311 -1.671055 -0.127674 -0.230670 3.680709 -0.277219 -0.057307 -0.378756 0.393372 0.047101
1.133401 1.142074 1.138803 1.585311 -1.912734 -0.127674 -0.230670 -0.271687 -0.277219 -0.057307 -0.500878 0.393372 0.703652
1.198503 1.207219 1.203919 1.585311 -1.671055 -0.127674 -0.230670 3.680709 -0.277219 -0.057307 -0.378756 0.393372 0.047101
1.086883 1.095525 1.092275 1.585311 -1.912734 -0.127674 -0.230670 -0.271687 -0.277219 -0.057307 -0.500878 0.393372 0.703652
-0.706020 -0.700879 -0.703341 1.585311 0.101260 -0.127674 -0.230670 -0.271687 -0.277219 -0.057307 -0.500878 -0.689287 0.156526
-0.696718 -0.691566 -0.694037 1.585311 0.101260 -0.127674 -0.230670 -0.271687 -0.277219 -0.057307 -0.500878 -0.689287 0.156526
-0.736250 -0.731120 -0.733578 1.585311 0.101260 -0.127674 -0.230670 -0.271687 -0.277219 -0.057307 -1.050424 -0.689287 0.703652
-0.147914 -0.149379 -0.147440 -0.185484 0.101260 -0.127674 -0.230670 -0.271687 -0.277219 -0.057307 1.697308 1.476030 -0.828300
-0.238614 -0.233163 -0.235834 0.995046 0.101260 -0.127674 -0.230670 -0.271687 -0.277219 -0.057307 1.147761 -0.689287 -1.375426
0.786903 0.790687 0.789900 0.404781 -4.007288 -0.127674 -0.230670 3.680709 -0.277219 -0.057307 0.048669 0.393372 0.156526
0.786903 0.790687 0.789900 0.404781 -4.007288 -0.127674 -0.230670 3.680709 -0.277219 -0.057307 0.048669 0.393372 0.156526
0.782257 0.786037 0.785252 0.404781 -4.007288 -0.127674 -0.230670 3.680709 -0.277219 -0.057307 0.048669 0.393372 0.156526
0.724116 0.727859 0.727100 0.404781 -4.168407 -0.127674 -0.230670 3.680709 -0.277219 -0.057307 0.598215 0.393372 -0.390599
0.717140 0.720878 0.720122 0.404781 -4.168407 -0.127674 -0.230670 3.680709 -0.277219 -0.057307 0.598215 0.393372 -0.390599
0.707848 0.711580 0.710827 0.404781 -4.168407 -0.127674 -0.230670 3.680709 -0.277219 -0.057307 0.598215 0.393372 -0.390599
0.949687 0.951260 0.950402 -0.185484 0.101260 -0.127674 -0.230670 -0.271687 -0.277219 -0.057307 -0.500878 -0.689287 0.156526
0.989215 0.993131 0.992255 0.404781 -2.879451 -0.127674 -0.230670 3.680709 -0.277219 -0.057307 -0.500878 0.393372 0.703652
0.793879 0.795350 0.794561 -0.185484 0.101260 -0.127674 -0.230670 -0.271687 -0.277219 -0.057307 0.598215 -0.689287 -0.937725
0.654354 0.653416 0.655005 -0.185484 0.101260 -0.127674 -0.230670 -0.271687 -0.277219 -0.057307 1.697308 -2.854603 -2.688528
0.279965 0.278769 0.280535 -0.185484 0.101260 -0.127674 -0.230670 -0.271687 -0.277219 -0.057307 2.246854 0.393372 -1.813127
0.293917 0.292730 0.294491 -0.185484 0.101260 -0.127674 -0.230670 -0.271687 -0.277219 -0.057307 2.246854 0.393372 -1.813127
0.277635 0.276437 0.278205 -0.185484 0.101260 -0.127674 -0.230670 -0.271687 -0.277219 -0.057307 2.246854 0.393372 -1.813127
0.249730 0.248514 0.250294 -0.185484 0.101260 -0.127674 -0.230670 -0.271687 -0.277219 -0.057307 2.246854 0.393372 -1.813127
0.272989 0.271788 0.273558 -0.185484 0.101260 -0.127674 -0.230670 -0.271687 -0.277219 -0.057307 2.246854 0.393372 -1.813127
0.526451 0.518434 0.522427 -0.775749 0.101260 -0.127674 -0.230670 -0.271687 -0.277219 -0.057307 1.147761 0.393372 -0.937725
1.258960 1.251421 1.255094 -0.775749 0.101260 -0.127674 -0.230670 -0.271687 -0.277219 -0.057307 0.598215 1.476030 0.156526
1.072930 1.067602 1.069011 -0.775749 0.101260 -0.127674 -0.230670 -0.271687 -0.277219 -0.057307 0.598215 -0.689287 -0.937725
-0.433950 -0.440256 -0.438190 -0.775749 3.162531 -0.127674 -0.230670 3.680709 -0.277219 -0.057307 0.842458 1.596326 -0.609450
-0.459520 -0.465848 -0.463757 -0.775749 4.773726 -0.127674 -0.230670 -0.271687 -0.277219 -0.057307 0.231851 0.393372 -0.718875
-0.908332 -0.914953 -0.910344 -0.775749 -1.912734 -0.127674 -0.230670 -0.271687 -0.277219 -0.057307 -0.500878 0.393372 0.703652
-0.822291 -0.831183 -0.826615 -0.775749 0.101260 -0.127674 2.428567 -0.271687 -0.277219 -0.057307 -0.500878 1.476030 1.250778
0.414830 0.406741 0.410783 -0.775749 0.101260 -0.127674 -0.230670 -0.271687 -0.277219 -0.057307 1.147761 0.393372 -0.937725
0.756668 0.748802 0.752694 -1.366015 0.101260 -0.127674 -0.230670 -0.271687 -0.277219 -0.057307 -1.050424 -0.689287 0.703652
0.821784 0.811643 0.817825 -1.366015 0.101260 -0.127674 -0.230670 -0.271687 -0.277219 -0.057307 0.048669 0.393372 0.156526
0.652038 0.644103 0.648027 -1.366015 0.101260 -0.127674 -0.230670 -0.271687 -0.277219 -0.057307 -0.500878 2.558689 1.907329
-0.364178 -0.358804 -0.361420 0.995046 0.101260 -0.127674 -0.230670 -0.271687 -0.277219 -0.057307 1.697308 0.393372 -1.375426
0.705518 0.692969 0.699202 -1.956280 0.101260 -0.127674 -0.230670 -0.271687 -0.277219 -0.057307 0.048669 1.476030 0.703652
-0.966468 -0.980112 -0.973144 -1.956280 0.101260 -0.127674 -0.230670 -0.271687 -0.277219 -0.057307 -1.050424 0.393372 1.250778
-1.152502 -1.166262 -1.159214 -1.956280 0.101260 -0.127674 -0.230670 -0.271687 -0.277219 -0.057307 -0.500878 1.476030 1.250778
1.017120 1.021054 1.017850 0.404781 0.101260 -0.127674 -0.230670 -0.271687 -0.277219 -0.057307 -1.050424 -0.689287 0.703652
-1.147850 -1.161599 -1.154561 -1.956280 0.101260 -0.127674 -0.230670 -0.271687 -0.277219 -0.057307 -0.500878 1.476030 1.250778
0.765974 0.758114 0.762002 -1.366015 0.101260 -0.127674 -0.230670 -0.271687 -0.277219 -0.057307 0.048669 -0.689287 -0.390599
0.835737 0.823273 0.829450 -1.956280 0.101260 -0.127674 -0.230670 -0.271687 -0.277219 -0.057307 1.147761 0.393372 -0.937725
0.496229 0.488193 0.492186 -1.366015 0.101260 -0.127674 -0.230670 -0.271687 1.981194 -0.057307 -0.500878 1.476030 1.250778
0.505536 0.497506 0.501494 -1.366015 0.101260 -0.127674 -0.230670 -0.271687 1.981194 -0.057307 -0.500878 1.476030 1.250778
0.517158 0.509136 0.513119 -1.366015 0.101260 -0.127674 -0.230670 -0.271687 1.981194 -0.057307 -0.500878 1.476030 1.250778
0.500876 0.492843 0.496833 -1.366015 0.101260 -0.127674 -0.230670 -0.271687 1.981194 -0.057307 -0.500878 1.476030 1.250778
0.507852 0.499824 0.503811 -1.366015 0.101260 -0.127674 -0.230670 -0.271687 1.981194 -0.057307 -0.500878 1.476030 1.250778
0.503206 0.495174 0.499163 -1.366015 0.101260 -0.127674 -0.230670 -0.271687 1.981194 -0.057307 -0.500878 1.476030 1.250778
0.500876 0.492843 0.496833 -1.366015 0.101260 -0.127674 -0.230670 -0.271687 1.981194 -0.057307 -0.500878 1.476030 1.250778
0.668306 0.660383 0.664299 -1.366015 0.101260 -0.127674 -0.230670 -0.271687 -0.277219 -0.057307 -0.500878 2.558689 1.907329
0.659014 0.651084 0.655005 -1.366015 0.101260 -0.127674 -0.230670 -0.271687 -0.277219 -0.057307 -0.500878 2.558689 1.907329
0.661330 0.653402 0.657322 -1.366015 0.101260 -0.127674 -0.230670 -0.271687 -0.277219 -0.057307 -0.500878 2.558689 1.907329
-0.192096 -0.198245 -0.196284 -0.775749 0.101260 -0.127674 -0.230670 -0.271687 -0.277219 -0.057307 2.246854 1.476030 -1.375426
-1.966400 -1.962077 -1.963979 0.995046 0.101260 -0.127674 -0.230670 -0.271687 -0.277219 -0.057307 -1.050424 -0.689287 0.703652
-1.968726 -1.964408 -1.966310 0.995046 0.101260 -0.127674 -0.230670 -0.271687 -0.277219 -0.057307 -1.050424 -0.689287 0.703652
1.256643 1.265397 1.259755 1.585311 0.101260 -0.127674 -0.230670 -0.271687 -0.277219 -0.057307 -0.500878 -0.689287 0.156526
1.077576 1.086213 1.080650 1.585311 0.101260 -0.127674 -0.230670 -0.271687 -0.277219 -0.057307 -0.500878 -0.689287 0.156526
-1.952448 -1.948115 -1.950024 0.995046 0.101260 -0.127674 -0.230670 -0.271687 -0.277219 -0.057307 -1.050424 -0.689287 0.703652
1.282219 1.290989 1.285336 1.585311 0.101260 -0.127674 -0.230670 -0.271687 1.981194 -0.057307 -0.500878 0.393372 0.703652
-1.968726 -1.964408 -1.966310 0.995046 0.101260 -0.127674 -0.230670 -0.271687 -0.277219 -0.057307 -1.050424 -0.689287 0.703652
-1.959424 -1.955096 -1.957002 0.995046 0.101260 -0.127674 -0.230670 -0.271687 -0.277219 -0.057307 -1.050424 -0.689287 0.703652
-1.966400 -1.962077 -1.963979 0.995046 0.101260 -0.127674 -0.230670 -0.271687 -0.277219 -0.057307 -1.050424 -0.689287 0.703652
-1.966400 -1.962077 -1.963979 0.995046 0.101260 -0.127674 -0.230670 -0.271687 -0.277219 -0.057307 -1.050424 -0.689287 0.703652
-1.959424 -1.955096 -1.957002 0.995046 0.101260 -0.127674 -0.230670 -0.271687 -0.277219 -0.057307 -1.050424 -0.689287 0.703652
-1.957099 -1.952778 -1.954685 0.995046 0.101260 -0.127674 -0.230670 -0.271687 -0.277219 -0.057307 -1.050424 -0.689287 0.703652
-1.954773 -1.950447 -1.952354 0.995046 0.101260 -0.127674 -0.230670 -0.271687 -0.277219 -0.057307 -1.050424 -0.689287 0.703652
-1.959424 -1.955096 -1.957002 0.995046 0.101260 -0.127674 -0.230670 -0.271687 -0.277219 -0.057307 -1.050424 -0.689287 0.703652
-1.968726 -1.964408 -1.966310 0.995046 0.101260 -0.127674 -0.230670 -0.271687 -0.277219 -0.057307 -1.050424 -0.689287 0.703652
-1.968726 -1.964408 -1.966310 0.995046 0.101260 -0.127674 -0.230670 -0.271687 -0.277219 -0.057307 -1.050424 -0.689287 0.703652
-1.968726 -1.964408 -1.966310 0.995046 0.101260 -0.127674 -0.230670 -0.271687 -0.277219 -0.057307 -1.050424 -0.689287 0.703652
-1.957099 -1.952778 -1.954685 0.995046 0.101260 -0.127674 -0.230670 -0.271687 -0.277219 -0.057307 -1.050424 -0.689287 0.703652
0.854336 0.862827 0.857361 0.995046 2.356933 -0.127674 -0.230670 3.680709 -0.277219 -0.057307 -0.378756 -1.411059 -1.156576
0.889217 0.893081 0.889919 0.404781 0.101260 -0.127674 2.428567 -0.271687 -0.277219 -0.057307 0.598215 0.393372 -0.390599
-0.361857 -0.354155 -0.359104 1.585311 0.101260 -0.127674 -0.230670 -0.271687 -0.277219 -0.057307 1.147761 0.393372 -0.937725
-0.373479 -0.365785 -0.370729 1.585311 0.101260 -0.127674 -0.230670 -0.271687 -0.277219 -0.057307 1.147761 0.393372 -0.937725
-0.536269 -0.528690 -0.533548 1.585311 -0.865457 -0.127674 -0.230670 -0.271687 -0.277219 -0.057307 0.048669 0.393372 0.156526
-0.531609 -0.524026 -0.528887 1.585311 -0.865457 -0.127674 -0.230670 -0.271687 -0.277219 -0.057307 0.048669 0.393372 0.156526
-0.538585 -0.531007 -0.535865 1.585311 -0.865457 -0.127674 -0.230670 -0.271687 -0.277219 -0.057307 0.048669 0.393372 0.156526
-0.538585 -0.531007 -0.535865 1.585311 -0.865457 -0.127674 -0.230670 -0.271687 -0.277219 -0.057307 0.048669 0.393372 0.156526
-0.540915 -0.533339 -0.538195 1.585311 -0.865457 -0.127674 -0.230670 -0.271687 -0.277219 -0.057307 0.048669 0.393372 0.156526
-0.540915 -0.533339 -0.538195 1.585311 -0.865457 -0.127674 -0.230670 -0.271687 -0.277219 -0.057307 0.048669 0.393372 0.156526
-0.545562 -0.537988 -0.542843 1.585311 -0.865457 -0.127674 -0.230670 -0.271687 -0.277219 -0.057307 0.048669 0.393372 0.156526
-0.194422 -0.195928 -0.193954 -0.185484 0.101260 -0.127674 -0.230670 -0.271687 -0.277219 -0.057307 1.697308 1.476030 -0.828300
-1.008326 -1.001054 -1.003386 0.995046 0.101260 -0.127674 -0.230670 -0.271687 -0.277219 -0.057307 -1.050424 1.476030 1.907329
-1.457133 -1.464120 -1.459258 -0.775749 0.101260 -0.127674 -0.230670 -0.271687 -0.277219 -0.057307 -1.050424 0.393372 1.250778
0.842713 0.851196 0.848052 0.995046 0.101260 -0.127674 -0.230670 -0.271687 -0.277219 -0.057307 -0.500878 0.393372 0.703652
0.793879 0.799999 0.796891 0.995046 0.745738 -0.127674 -0.230670 3.680709 -0.277219 -0.057307 -0.378756 -2.614013 -1.594276
0.789233 0.795350 0.792244 0.995046 0.745738 -0.127674 -0.230670 3.680709 -0.277219 -0.057307 -0.378756 -2.614013 -1.594276
0.775280 0.781388 0.778289 0.995046 0.745738 -0.127674 -0.230670 3.680709 -0.277219 -0.057307 -0.378756 -2.614013 -1.594276
0.770620 0.776725 0.773627 0.995046 0.101260 -0.127674 -0.230670 -0.271687 -0.277219 -0.057307 -0.500878 -2.854603 -0.937725
0.782257 0.788369 0.785266 0.995046 0.745738 -0.127674 -0.230670 3.680709 -0.277219 -0.057307 -0.378756 -2.614013 -1.594276
0.758998 0.765095 0.762002 0.995046 0.101260 -0.127674 -0.230670 -0.271687 -0.277219 -0.057307 -0.500878 -2.854603 -0.937725
0.735739 0.741821 0.738738 0.995046 0.101260 -0.127674 -0.230670 -0.271687 -0.277219 -0.057307 -0.500878 -2.854603 -0.937725
-0.036302 -0.030719 -0.033479 0.404781 0.101260 -0.127674 -0.230670 -0.271687 -0.277219 -0.057307 1.147761 -1.771945 -1.813127
0.321823 0.329966 0.327049 0.995046 0.101260 -0.127674 -0.230670 -0.271687 -0.277219 -0.057307 1.697308 -0.689287 -1.813127
0.319492 0.327634 0.324719 0.995046 0.101260 -0.127674 -0.230670 -0.271687 -0.277219 -0.057307 1.697308 -0.689287 -1.813127
0.447382 0.455607 0.452649 1.585311 0.101260 -0.127674 -0.230670 -0.271687 -0.277219 -0.057307 1.147761 -1.771945 -1.813127
0.440405 0.448626 0.445672 1.585311 0.101260 -0.127674 -0.230670 -0.271687 -0.277219 -0.057307 1.147761 -1.771945 -1.813127
0.440405 0.448626 0.445672 1.585311 0.101260 -0.127674 -0.230670 -0.271687 -0.277219 -0.057307 1.147761 -1.771945 -1.813127
0.435759 0.443977 0.441024 1.585311 0.101260 -0.127674 -0.230670 -0.271687 -0.277219 -0.057307 1.147761 -1.771945 -1.813127
0.717140 0.725542 0.722452 0.995046 0.101260 -0.127674 -0.230670 -0.271687 6.498021 -0.057307 -2.149517 -1.771945 1.250778
0.728763 0.737172 0.734077 0.995046 0.101260 -0.127674 -0.230670 -0.271687 6.498021 -0.057307 -2.149517 -1.771945 1.250778
1.398485 1.407331 1.403958 1.585311 0.101260 -0.127674 -0.230670 -0.271687 -0.277219 -0.057307 -1.050424 -0.689287 0.703652
0.142765 0.148465 0.145627 0.995046 0.101260 -0.127674 -0.230670 -0.271687 -0.277219 -0.057307 0.048669 -0.689287 -0.390599
-0.064207 -0.058643 -0.061390 0.995046 0.101260 -0.127674 -0.230670 -0.271687 -0.277219 -0.057307 -0.500878 -0.689287 0.156526
-0.364178 -0.358804 -0.361420 0.995046 0.101260 -0.127674 -0.230670 -0.271687 -0.277219 -0.057307 1.697308 0.393372 -1.375426
-0.257213 -0.251774 -0.254437 0.404781 0.101260 -0.127674 -0.230670 -0.271687 -0.277219 -0.057307 2.796400 0.393372 -2.141402
-0.261859 -0.256423 -0.259084 0.404781 0.101260 -0.127674 -0.230670 -0.271687 -0.277219 -0.057307 2.796400 0.393372 -2.141402
-0.261859 -0.256423 -0.259084 0.404781 0.101260 -0.127674 -0.230670 -0.271687 -0.277219 -0.057307 2.796400 0.393372 -2.141402
0.449712 0.455621 0.452649 0.404781 0.101260 -0.127674 -0.230670 -0.271687 -0.277219 -0.057307 0.598215 0.393372 -0.390599
1.042695 1.042010 1.041114 -0.185484 -0.865457 -0.127674 -0.230670 -0.271687 -0.277219 -0.057307 -1.599970 -0.689287 1.250778
1.017120 1.016419 1.015533 -0.185484 -0.865457 -0.127674 -0.230670 -0.271687 -0.277219 -0.057307 -1.599970 -0.689287 1.250778
0.061366 0.064681 0.061894 0.404781 0.101260 -0.127674 -0.230670 -0.271687 -0.277219 -0.057307 2.246854 0.393372 -1.813127
0.063696 0.067012 0.064224 0.404781 0.101260 -0.127674 -0.230670 -0.271687 -0.277219 -0.057307 2.796400 -0.689287 -2.579103
-1.829200 -1.827109 -1.829085 0.404781 0.101260 -0.127674 -0.230670 -0.271687 -0.277219 -0.057307 -0.500878 0.393372 0.703652
-1.829200 -1.827109 -1.829085 0.404781 0.101260 -0.127674 -0.230670 -0.271687 -0.277219 -0.057307 -0.500878 0.393372 0.703652
-1.824550 -1.822460 -1.824438 0.404781 0.101260 -0.127674 -0.230670 -0.271687 -0.277219 -0.057307 -0.500878 0.393372 0.703652
-1.831526 -1.829441 -1.831416 0.404781 0.101260 -0.127674 -0.230670 -0.271687 -0.277219 -0.057307 -0.500878 0.393372 0.703652
1.326406 1.328224 1.327203 0.404781 0.101260 -0.127674 -0.230670 -0.271687 -0.277219 -0.057307 -0.500878 1.476030 1.250778
1.324076 1.325893 1.324872 0.404781 0.101260 -0.127674 -0.230670 -0.271687 -0.277219 -0.057307 -0.500878 1.476030 1.250778
0.061366 0.064681 0.061894 0.404781 0.101260 -0.127674 -0.230670 -0.271687 -0.277219 -0.057307 2.246854 0.393372 -1.813127
0.063696 0.067012 0.064224 0.404781 0.101260 -0.127674 -0.230670 -0.271687 -0.277219 -0.057307 2.796400 -0.689287 -2.579103
-1.829200 -1.827109 -1.829085 0.404781 0.101260 -0.127674 -0.230670 -0.271687 -0.277219 -0.057307 -0.500878 0.393372 0.703652
-1.829200 -1.827109 -1.829085 0.404781 0.101260 -0.127674 -0.230670 -0.271687 -0.277219 -0.057307 -0.500878 0.393372 0.703652
-1.824550 -1.822460 -1.824438 0.404781 0.101260 -0.127674 -0.230670 -0.271687 -0.277219 -0.057307 -0.500878 0.393372 0.703652
-1.831526 -1.829441 -1.831416 0.404781 0.101260 -0.127674 -0.230670 -0.271687 -0.277219 -0.057307 -0.500878 0.393372 0.703652
1.326406 1.328224 1.327203 0.404781 0.101260 -0.127674 -0.230670 -0.271687 -0.277219 -0.057307 -0.500878 1.476030 1.250778
1.324076 1.325893 1.324872 0.404781 0.101260 -0.127674 -0.230670 -0.271687 -0.277219 -0.057307 -0.500878 1.476030 1.250778
0.198575 0.192681 0.196802 -0.775749 0.101260 -0.127674 -0.230670 -0.271687 -0.277219 -0.057307 2.796400 -0.689287 -2.579103
-0.996698 -1.005703 -1.001060 -1.366015 0.101260 -0.127674 -0.230670 -0.271687 -0.277219 -0.057307 -0.500878 0.393372 0.703652
-1.001348 -1.010353 -1.005711 -1.366015 0.101260 -0.127674 -0.230670 -0.271687 -0.277219 -0.057307 -0.500878 0.393372 0.703652
-0.957166 -0.966150 -0.961519 -1.366015 0.101260 -0.127674 -0.230670 -0.271687 -0.277219 -0.057307 -0.500878 0.393372 0.703652
-1.036230 -1.045257 -1.040600 -1.366015 0.101260 -0.127674 -0.230670 -0.271687 -0.277219 -0.057307 -0.500878 0.393372 0.703652
1.340359 1.342186 1.341158 0.404781 0.101260 -0.127674 -0.230670 -0.271687 -0.277219 -0.057307 -0.500878 1.476030 1.250778
-0.645559 -0.649677 -0.647519 -0.185484 0.101260 -0.127674 -0.230670 -0.271687 -0.277219 -0.057307 1.147761 1.476030 -0.390599
-0.768807 -0.773005 -0.770783 -0.775749 -1.429375 -0.127674 -0.230670 -0.271687 -0.277219 -0.057307 0.598215 1.476030 0.156526
0.828761 0.823273 0.824802 -0.775749 0.101260 -0.127674 -0.230670 -0.271687 -0.277219 -0.057307 0.048669 0.393372 0.156526
-1.654794 -1.668882 -1.661618 -1.366015 0.101260 -0.127674 -0.230670 -0.271687 -0.277219 -0.057307 0.048669 0.393372 0.156526
0.738069 0.725542 0.731761 -1.956280 0.101260 -0.127674 2.428567 -0.271687 -0.277219 -0.057307 1.147761 1.476030 -0.390599
-1.743159 -1.754969 -1.749999 -1.956280 0.101260 -0.127674 -0.230670 -0.271687 -0.277219 -0.057307 0.598215 1.476030 0.156526
0.765974 0.753465 0.759672 -1.366015 0.101260 -0.127674 -0.230670 -0.271687 -0.277219 -0.057307 0.048669 1.476030 0.703652
1.131071 1.118799 1.124847 -1.366015 0.101260 -0.127674 -0.230670 -0.271687 -0.277219 -0.057307 0.048669 0.393372 0.156526
0.775280 0.762777 0.768980 -1.366015 0.101260 -0.127674 -0.230670 -0.271687 -0.277219 -0.057307 0.048669 1.476030 0.703652
0.768304 0.760446 0.764319 -1.366015 0.101260 -0.127674 -0.230670 -0.271687 -0.277219 -0.057307 0.598215 -0.689287 -0.937725
0.605520 0.599887 0.603844 -0.775749 0.101260 -0.127674 -0.230670 -0.271687 -0.277219 -0.057307 0.048669 -1.771945 -0.937725
0.561332 0.555670 0.559647 -0.775749 0.101260 -0.127674 -0.230670 -0.271687 -0.277219 -0.057307 0.048669 -1.771945 -0.937725
-0.410696 -0.412333 -0.410279 -0.185484 -0.865457 -0.127674 -0.230670 -0.271687 -0.277219 -0.057307 1.697308 -0.689287 -1.813127
0.175311 0.183355 0.180516 0.995046 0.101260 -0.127674 -0.230670 -0.271687 -0.277219 -0.057307 1.697308 -0.689287 -1.813127
0.445065 0.448626 0.445672 -0.185484 0.101260 -0.127674 -0.230670 -0.271687 -0.277219 -0.057307 2.246854 -0.689287 -2.250827
-0.387441 -0.379761 -0.382368 0.995046 0.101260 -0.127674 -0.230670 -0.271687 -0.277219 -0.057307 0.048669 -0.689287 -0.390599
0.917122 0.921005 0.917830 0.404781 0.101260 -0.127674 -0.230670 -0.271687 -0.277219 -0.057307 0.048669 0.393372 0.156526
0.933405 0.921005 0.927139 -1.956280 0.101260 -0.127674 -0.230670 -0.271687 1.981194 -0.057307 0.598215 1.476030 0.156526
0.782257 0.774407 0.778275 -1.366015 0.101260 -0.127674 -0.230670 -0.271687 -0.277219 -0.057307 1.147761 1.476030 -0.390599
0.719470 0.709248 0.715475 -1.366015 0.101260 -0.127674 -0.230670 -0.271687 -0.277219 -0.057307 0.598215 0.393372 -0.390599
0.847359 0.855846 0.850383 0.995046 0.101260 -0.127674 -0.230670 -0.271687 -0.277219 -0.057307 -0.500878 -1.771945 -0.390599
0.914806 0.923336 0.917844 0.995046 0.101260 -0.127674 -0.230670 -0.271687 -0.277219 -0.057307 -0.500878 -1.771945 -0.390599
0.919452 0.927986 0.922491 0.995046 0.101260 -0.127674 -0.230670 -0.271687 -0.277219 -0.057307 -0.500878 -1.771945 -0.390599
-1.003674 -0.996391 -1.001060 0.995046 0.101260 -0.127674 -0.230670 -0.271687 -0.277219 -0.057307 -1.599970 -0.689287 1.250778
0.768304 0.776739 0.771311 1.585311 0.101260 -0.127674 -0.230670 -0.271687 -0.277219 -0.057307 -0.500878 -0.689287 0.156526
0.770620 0.779057 0.775958 1.585311 0.101260 -0.127674 -0.230670 -0.271687 -0.277219 -0.057307 -0.500878 -1.771945 -0.390599
0.756668 0.765095 0.759672 1.585311 0.101260 -0.127674 -0.230670 -0.271687 -0.277219 -0.057307 0.048669 -0.689287 -0.390599
0.761328 0.769758 0.764333 1.585311 0.101260 -0.127674 -0.230670 -0.271687 -0.277219 -0.057307 0.048669 -0.689287 -0.390599
1.163622 1.172314 1.166700 0.995046 0.101260 -0.127674 -0.230670 -0.271687 -0.277219 -0.057307 -1.050424 -0.689287 0.703652
1.172928 1.181627 1.176008 0.995046 0.101260 -0.127674 -0.230670 -0.271687 -0.277219 -0.057307 -1.050424 -0.689287 0.703652
0.791563 0.793032 0.792244 0.404781 0.101260 -0.127674 -0.230670 -0.271687 -0.277219 -0.057307 0.048669 -0.689287 -0.390599
0.754338 0.760446 0.757341 0.995046 0.101260 -0.127674 2.428567 -0.271687 -0.277219 -0.057307 0.048669 -0.689287 -0.390599
0.605520 0.611531 0.608491 0.404781 0.101260 -0.127674 2.428567 -0.271687 -0.277219 -0.057307 0.598215 -0.689287 -0.937725
-1.161804 -1.159282 -1.161549 0.404781 -0.865457 -0.127674 -0.230670 -0.271687 -0.277219 -0.057307 -1.599970 -0.689287 1.250778
-0.068859 -0.065623 -0.068368 0.404781 0.101260 -0.127674 -0.230670 -0.271687 1.981194 -0.057307 -1.050424 0.393372 1.250778
0.691551 0.695287 0.692211 0.404781 0.101260 -0.127674 -0.230670 -0.271687 -0.277219 -0.057307 0.048669 -0.689287 -0.390599
0.745045 0.748816 0.745716 0.404781 0.101260 -0.127674 -0.230670 -0.271687 -0.277219 -0.057307 -0.500878 -0.689287 0.156526
-1.333885 -1.333802 -1.333667 0.404781 0.101260 -0.127674 -0.230670 -0.271687 -0.277219 -0.057307 -1.599970 -0.689287 1.250778
0.172991 0.176388 0.175869 0.404781 -0.865457 -0.127674 2.428567 -0.271687 6.498021 -0.057307 0.048669 1.476030 0.703652
-1.840829 -1.843403 -1.843041 -0.185484 0.101260 -0.127674 -0.230670 -0.271687 -0.277219 -0.057307 -1.050424 -0.689287 0.703652
-1.840829 -1.843403 -1.843041 -0.185484 0.101260 -0.127674 -0.230670 -0.271687 -0.277219 -0.057307 -1.050424 -0.689287 0.703652
-1.843153 -1.845720 -1.845357 -0.185484 0.101260 -0.127674 -0.230670 -0.271687 -0.277219 -0.057307 -1.050424 -0.689287 0.703652
1.314784 1.316594 1.315578 -0.185484 0.101260 -0.127674 -0.230670 -0.271687 -0.277219 -0.057307 -0.500878 -0.689287 0.156526
-1.845479 -1.848052 -1.847688 -0.185484 0.101260 -0.127674 -0.230670 -0.271687 -0.277219 -0.057307 -1.050424 -0.689287 0.703652
1.298501 1.300301 1.299292 -0.185484 0.101260 -0.127674 -0.230670 -0.271687 -0.277219 -0.057307 -0.500878 -0.689287 0.156526
1.298501 1.300301 1.299292 -0.185484 0.101260 -0.127674 -0.230670 -0.271687 -0.277219 -0.057307 -0.500878 -0.689287 0.156526
1.296171 1.297969 1.296961 -0.185484 0.101260 -0.127674 -0.230670 -0.271687 -0.277219 -0.057307 -0.500878 -0.689287 0.156526
1.296171 1.297969 1.296961 -0.185484 0.101260 -0.127674 -0.230670 -0.271687 -0.277219 -0.057307 -0.500878 -0.689287 0.156526
1.296171 1.297969 1.296961 -0.185484 0.101260 -0.127674 -0.230670 -0.271687 -0.277219 -0.057307 -0.500878 -0.689287 0.156526
1.296171 1.297969 1.296961 -0.185484 0.101260 -0.127674 -0.230670 -0.271687 -0.277219 -0.057307 -0.500878 -0.689287 0.156526
1.296171 1.297969 1.296961 -0.185484 0.101260 -0.127674 -0.230670 -0.271687 -0.277219 -0.057307 -0.500878 -0.689287 0.156526
1.293855 1.295652 1.294644 -0.185484 0.101260 -0.127674 -0.230670 -0.271687 -0.277219 -0.057307 -0.500878 -0.689287 0.156526
1.296171 1.297969 1.296961 -0.185484 0.101260 -0.127674 -0.230670 -0.271687 -0.277219 -0.057307 -0.500878 -0.689287 0.156526
1.261290 1.263065 1.262072 -0.185484 2.356933 -0.127674 -0.230670 3.680709 -0.277219 -0.057307 -0.684060 -0.208105 -0.062324
1.263620 1.265397 1.264403 -0.185484 2.356933 -0.127674 -0.230670 3.680709 -0.277219 -0.057307 -0.684060 -0.208105 -0.062324
1.293855 1.295652 1.294644 -0.185484 0.101260 -0.127674 -0.230670 -0.271687 -0.277219 -0.057307 -0.500878 -0.689287 0.156526
1.261290 1.263065 1.262072 -0.185484 2.356933 -0.127674 -0.230670 3.680709 -0.277219 -0.057307 -0.684060 -0.208105 -0.062324
1.258974 1.260748 1.259755 -0.185484 2.356933 -0.127674 -0.230670 3.680709 -0.277219 -0.057307 -0.684060 -0.208105 -0.062324
1.256643 1.258416 1.257425 -0.185484 2.356933 -0.127674 -0.230670 3.680709 -0.277219 -0.057307 -0.684060 -0.208105 -0.062324
1.233385 1.235142 1.234161 -0.185484 0.101260 -0.127674 -0.230670 -0.271687 -0.277219 -0.057307 -0.500878 -0.689287 0.156526
1.256643 1.258416 1.257425 -0.185484 2.356933 -0.127674 -0.230670 3.680709 -0.277219 -0.057307 -0.684060 -0.208105 -0.062324
1.233385 1.235142 1.234161 -0.185484 0.101260 -0.127674 -0.230670 -0.271687 -0.277219 -0.057307 -0.500878 -0.689287 0.156526
1.226408 1.228161 1.227183 -0.185484 0.101260 -0.127674 -0.230670 -0.271687 -0.277219 -0.057307 -0.500878 -0.689287 0.156526
1.226408 1.228161 1.227183 -0.185484 0.101260 -0.127674 -0.230670 -0.271687 -0.277219 -0.057307 -0.500878 -0.689287 0.156526
1.221762 1.223512 1.222536 -0.185484 0.101260 -0.127674 -0.230670 -0.271687 -0.277219 -0.057307 -0.500878 -0.689287 0.156526
1.170598 1.172314 1.171361 -0.185484 0.101260 -0.127674 -0.230670 -0.271687 -0.277219 -0.057307 -0.500878 -0.689287 0.156526
1.163622 1.165334 1.164383 -0.185484 0.101260 -0.127674 -0.230670 -0.271687 -0.277219 -0.057307 -0.500878 -0.689287 0.156526
1.138047 1.139742 1.138803 -0.185484 0.101260 -0.127674 -0.230670 -0.271687 -0.277219 -0.057307 -0.500878 -0.689287 0.156526
1.110142 1.111819 1.110891 -0.185484 0.101260 -0.127674 -0.230670 -0.271687 -0.277219 -0.057307 -0.500878 -0.689287 0.156526
1.133401 1.135093 1.134155 -0.185484 0.101260 -0.127674 -0.230670 -0.271687 -0.277219 -0.057307 -0.500878 -0.689287 0.156526
1.110142 1.111819 1.110891 -0.185484 0.101260 -0.127674 -0.230670 -0.271687 -0.277219 -0.057307 -0.500878 -0.689287 0.156526
1.110142 1.111819 1.110891 -0.185484 0.101260 -0.127674 -0.230670 -0.271687 -0.277219 -0.057307 -0.500878 -0.689287 0.156526
1.105495 1.107169 1.106244 -0.185484 0.101260 -0.127674 -0.230670 -0.271687 -0.277219 -0.057307 -0.500878 -0.689287 0.156526
1.105495 1.107169 1.106244 -0.185484 0.101260 -0.127674 -0.230670 -0.271687 -0.277219 -0.057307 -0.500878 -0.689287 0.156526
1.103165 1.104838 1.103914 -0.185484 0.101260 -0.127674 -0.230670 -0.271687 -0.277219 -0.057307 -0.500878 -0.689287 0.156526
1.072930 1.074583 1.073672 -0.185484 0.101260 -0.127674 -0.230670 -0.271687 -0.277219 -0.057307 -0.500878 -0.689287 0.156526
1.103165 1.104838 1.103914 -0.185484 0.101260 -0.127674 -0.230670 -0.271687 -0.277219 -0.057307 -0.500878 -0.689287 0.156526
1.068284 1.069934 1.069025 -0.185484 0.101260 -0.127674 -0.230670 -0.271687 -0.277219 -0.057307 -0.500878 -0.689287 0.156526
1.072930 1.074583 1.073672 -0.185484 0.101260 -0.127674 -0.230670 -0.271687 -0.277219 -0.057307 -0.500878 -0.689287 0.156526
1.070614 1.072265 1.071355 -0.185484 0.101260 -0.127674 -0.230670 -0.271687 -0.277219 -0.057307 -0.500878 -0.689287 0.156526
1.063638 1.065284 1.064378 -0.185484 0.101260 -0.127674 -0.230670 -0.271687 -0.277219 -0.057307 -0.500878 -0.689287 0.156526
1.056662 1.058304 1.057400 -0.185484 0.101260 -0.127674 -0.230670 -0.271687 -0.277219 -0.057307 -0.500878 -0.689287 0.156526
1.056662 1.058304 1.057400 -0.185484 0.101260 -0.127674 -0.230670 -0.271687 -0.277219 -0.057307 -0.500878 -0.689287 0.156526
1.017120 1.018736 1.017850 -0.185484 0.101260 -0.127674 -0.230670 -0.271687 -0.277219 -0.057307 -0.500878 -0.689287 0.156526
1.014804 1.016419 1.015533 -0.185484 0.101260 -0.127674 -0.230670 -0.271687 -0.277219 -0.057307 -0.500878 -0.689287 0.156526
1.014804 1.016419 1.015533 -0.185484 0.101260 -0.127674 -0.230670 -0.271687 -0.277219 -0.057307 -0.500878 -0.689287 0.156526
1.012474 1.014087 1.013203 -0.185484 0.101260 -0.127674 -0.230670 -0.271687 -0.277219 -0.057307 -0.500878 -0.689287 0.156526
1.007828 1.009438 1.008555 -0.185484 0.101260 -0.127674 -0.230670 -0.271687 -0.277219 -0.057307 -0.500878 -0.689287 0.156526
0.996191 0.997794 0.996916 -0.185484 0.101260 -0.127674 -0.230670 -0.271687 -0.277219 -0.057307 -0.500878 -0.689287 0.156526
0.993875 0.995476 0.994600 -0.185484 0.101260 -0.127674 -0.230670 -0.271687 -0.277219 -0.057307 -0.500878 -0.689287 0.156526
0.986899 0.988495 0.987622 -0.185484 0.101260 -0.127674 -0.230670 -0.271687 -0.277219 -0.057307 -0.500878 -0.689287 0.156526
0.982239 0.983832 0.982961 -0.185484 0.101260 -0.127674 -0.230670 -0.271687 -0.277219 -0.057307 -0.500878 -0.689287 0.156526
0.372973 0.364856 0.368916 -0.775749 0.101260 -0.127674 -0.230670 -0.271687 -0.277219 -0.057307 1.697308 0.393372 -1.375426
0.935735 0.927986 0.931800 -1.366015 0.101260 -0.127674 -0.230670 -0.271687 -0.277219 -0.057307 -0.500878 0.393372 0.703652
-0.173503 -0.184297 -0.177681 -1.366015 0.101260 -0.127674 2.428567 -0.271687 -0.277219 -0.057307 1.147761 0.393372 -0.937725
-0.171173 -0.181966 -0.175351 -1.366015 0.101260 -0.127674 2.428567 -0.271687 -0.277219 -0.057307 1.147761 0.393372 -0.937725
-0.168843 -0.179634 -0.173020 -1.366015 0.101260 -0.127674 2.428567 -0.271687 -0.277219 -0.057307 1.147761 0.393372 -0.937725
0.786903 0.774407 0.780605 -1.956280 0.101260 -0.127674 -0.230670 -0.271687 -0.277219 -0.057307 1.147761 -0.689287 -1.375426
0.579945 0.576613 0.578249 -0.185484 0.101260 -0.127674 -0.230670 -0.271687 -0.277219 -0.057307 1.147761 -0.689287 -1.375426
-0.208384 -0.209889 -0.210240 -0.185484 0.101260 -0.127674 2.428567 -0.271687 -0.277219 -0.057307 1.697308 -0.689287 -1.813127
-0.275817 -0.277366 -0.277687 -0.185484 0.101260 -0.127674 -0.230670 -0.271687 -0.277219 -0.057307 1.697308 0.393372 -1.375426
-0.289769 -0.291327 -0.291643 -0.185484 0.101260 -0.127674 -0.230670 -0.271687 -0.277219 -0.057307 1.697308 0.393372 -1.375426
-0.247912 -0.249443 -0.249776 -0.185484 0.101260 -0.127674 2.428567 -0.271687 -0.277219 -0.057307 1.697308 -0.689287 -1.813127
-0.287439 -0.288996 -0.289312 -0.185484 0.101260 -0.127674 -0.230670 -0.271687 -0.277219 -0.057307 1.697308 0.393372 -1.375426
-0.289769 -0.291327 -0.291643 -0.185484 0.101260 -0.127674 -0.230670 -0.271687 -0.277219 -0.057307 1.697308 0.393372 -1.375426
-0.250242 -0.251774 -0.252106 -0.185484 0.101260 -0.127674 2.428567 -0.271687 -0.277219 -0.057307 1.697308 -0.689287 -1.813127
1.189197 1.193257 1.189964 0.404781 4.773726 -0.127674 2.428567 -0.271687 -0.277219 -0.057307 -1.294667 -1.411059 -0.062324
0.738069 0.741835 0.738738 0.404781 0.101260 -0.127674 -0.230670 -0.271687 -0.277219 -0.057307 -0.500878 -1.771945 -0.390599
-1.829200 -1.824778 -1.826754 0.995046 0.101260 -0.127674 -0.230670 -0.271687 -0.277219 -0.057307 -1.599970 -0.689287 1.250778
-1.826876 -1.822460 -1.824438 0.995046 0.101260 -0.127674 -0.230670 -0.271687 -0.277219 -0.057307 -1.599970 -0.689287 1.250778
-1.480387 -1.475736 -1.477870 0.995046 0.101260 -0.127674 -0.230670 -0.271687 -0.277219 -0.057307 -0.500878 -0.689287 0.156526
-1.492015 -1.487380 -1.489500 0.995046 0.101260 -0.127674 -0.230670 -0.271687 -0.277219 -0.057307 -0.500878 -0.689287 0.156526
0.270663 0.278769 0.273558 1.585311 0.101260 -0.127674 -0.230670 -0.271687 -0.277219 -0.057307 1.697308 -3.937262 -3.016803
0.268333 0.276437 0.271227 1.585311 0.101260 -0.127674 -0.230670 -0.271687 -0.277219 -0.057307 1.697308 -3.937262 -3.016803
0.949687 0.958240 0.952733 0.995046 0.101260 -0.127674 -0.230670 -0.271687 -0.277219 -0.057307 -1.599970 0.393372 1.907329
-0.840894 -0.835832 -0.838244 0.404781 0.101260 -0.127674 -0.230670 -0.271687 -0.277219 -0.057307 -0.500878 0.393372 0.703652
-0.138621 -0.140081 -0.138145 -0.185484 0.101260 -0.127674 -0.230670 -0.271687 -0.277219 -0.057307 1.697308 1.476030 -0.828300
-0.138621 -0.140081 -0.138145 -0.185484 0.101260 -0.127674 -0.230670 -0.271687 -0.277219 -0.057307 1.697308 1.476030 -0.828300
-0.140938 -0.142399 -0.140462 -0.185484 0.101260 -0.127674 -0.230670 -0.271687 -0.277219 -0.057307 1.697308 1.476030 -0.828300
-0.143268 -0.144730 -0.142793 -0.185484 0.101260 -0.127674 -0.230670 -0.271687 -0.277219 -0.057307 1.697308 1.476030 -0.828300
1.247337 1.249104 1.248116 -0.185484 0.101260 -0.127674 -0.230670 -0.271687 -0.277219 -0.057307 -0.500878 -0.689287 0.156526
1.247337 1.249104 1.248116 -0.185484 0.101260 -0.127674 -0.230670 -0.271687 -0.277219 -0.057307 -0.500878 -0.689287 0.156526
1.251983 1.253753 1.252764 -0.185484 0.101260 -0.127674 -0.230670 -0.271687 -0.277219 -0.057307 -0.500878 -0.689287 0.156526
1.245007 1.246772 1.245786 -0.185484 0.101260 -0.127674 -0.230670 -0.271687 -0.277219 -0.057307 -0.500878 -0.689287 0.156526
1.240361 1.242123 1.241139 -0.185484 0.101260 -0.127674 -0.230670 -0.271687 -0.277219 -0.057307 -0.500878 -0.689287 0.156526
1.240361 1.242123 1.241139 -0.185484 0.101260 -0.127674 -0.230670 -0.271687 -0.277219 -0.057307 -0.500878 -0.689287 0.156526
-0.152568 -0.147062 -0.149770 0.995046 0.101260 -0.127674 2.428567 -0.271687 -0.277219 -0.057307 1.697308 1.476030 -0.828300
-0.164191 -0.158692 -0.161395 0.995046 0.101260 -0.127674 -0.230670 -0.271687 -0.277219 -0.057307 1.697308 0.393372 -1.375426
-0.164191 -0.158692 -0.161395 0.995046 0.101260 -0.127674 -0.230670 -0.271687 -0.277219 -0.057307 1.697308 0.393372 -1.375426
-0.166521 -0.161023 -0.163726 0.995046 0.101260 -0.127674 -0.230670 -0.271687 -0.277219 -0.057307 1.697308 0.393372 -1.375426
-0.161875 -0.156374 -0.159079 0.995046 0.101260 -0.127674 -0.230670 -0.271687 -0.277219 -0.057307 1.697308 0.393372 -1.375426
-0.154898 -0.149393 -0.152101 0.995046 0.101260 -0.127674 -0.230670 -0.271687 -0.277219 -0.057307 1.697308 0.393372 -1.375426
-0.164191 -0.158692 -0.161395 0.995046 0.101260 -0.127674 -0.230670 -0.271687 -0.277219 -0.057307 1.697308 0.393372 -1.375426
-0.168851 -0.163355 -0.166056 0.995046 0.101260 -0.127674 -0.230670 -0.271687 -0.277219 -0.057307 1.697308 0.393372 -1.375426
1.091529 1.095525 1.094605 0.404781 0.101260 -0.127674 -0.230670 -0.271687 -0.277219 -0.057307 0.598215 0.393372 -0.390599
0.884571 0.886101 0.885272 0.404781 0.101260 -0.127674 -0.230670 -0.271687 -0.277219 -0.057307 -0.500878 0.393372 0.703652
-1.603634 -1.596742 -1.598818 0.995046 0.101260 -0.127674 -0.230670 -0.271687 -0.277219 -0.057307 -1.050424 0.393372 1.250778
0.363676 0.364870 0.364269 0.404781 -1.429375 -0.127674 -0.230670 -0.271687 -0.277219 -0.057307 2.246854 -0.689287 -2.250827
0.433443 0.427698 0.431716 -0.775749 0.101260 -0.127674 -0.230670 -0.271687 -0.277219 -0.057307 1.147761 0.393372 -0.937725
0.945027 0.937284 0.941094 -0.775749 0.101260 -0.127674 -0.230670 -0.271687 -0.277219 -0.057307 0.598215 1.476030 0.156526
0.298559 0.302029 0.299138 0.404781 -1.912734 -0.127674 -0.230670 -0.271687 4.239608 -0.057307 -1.050424 -0.689287 0.703652
