0.536534 1.000000 -0.833300 0.742857 0.666667 -0.111111 0.000000 0.066667 -0.045045 -1.000000 -1.000000 -1.000000 -1.000000 -1.000000
0.533754 1.000000 -0.866600 0.738100 0.666667 -0.111111 0.000000 0.066667 -0.045045 -1.000000 -1.000000 -1.000000 -1.000000 -1.000000
0.684067 1.000000 0.900000 0.995243 0.000000 -0.111111 -0.333333 -0.155556 -0.045045 -1.000000 -1.000000 -1.000000 -1.000000 -1.000000
0.660401 1.000000 0.666600 0.966657 -1.000000 -0.037037 0.333333 -0.022222 0.459459 -1.000000 -1.000000 -1.000000 1.000000 -1.000000
-0.068894 1.000000 -1.000000 -0.235714 0.666667 0.555556 0.333333 -0.333333 -0.045045 -1.000000 -1.000000 -1.000000 -1.000000 -1.000000
-0.067499 1.000000 -1.000000 -0.233329 0.666667 0.555556 0.333333 -0.333333 -0.045045 -1.000000 -1.000000 -1.000000 -1.000000 -1.000000
0.536534 1.000000 -0.833300 0.742857 0.666667 -0.111111 0.000000 0.066667 -0.045045 -1.000000 -1.000000 -1.000000 -1.000000 -1.000000
0.533754 1.000000 -0.866600 0.738100 0.666667 -0.111111 0.000000 0.066667 -0.045045 -1.000000 -1.000000 -1.000000 -1.000000 -1.000000
0.684067 1.000000 0.900000 0.995243 0.000000 -0.111111 -0.333333 -0.155556 -0.045045 -1.000000 -1.000000 -1.000000 -1.000000 -1.000000
-0.391789 0.333330 -1.000000 -0.821424 -0.666667 -0.111111 0.666667 0.511111 -0.045045 -1.000000 -1.000000 -1.000000 -1.000000 -1.000000
-0.455810 -0.433330 -1.000000 -0.930947 -0.666667 -0.333333 0.666667 0.733333 -0.045045 -1.000000 -1.000000 -1.000000 -1.000000 -1.000000
-0.448852 -0.350000 -1.000000 -0.919043 -0.666667 -0.333333 0.666667 0.733333 -0.045045 -1.000000 -1.000000 -1.000000 -1.000000 -1.000000
-0.345860 0.850000 -1.000000 -0.745239 -0.333333 -0.037037 0.703704 0.377778 0.639640 -1.000000 -1.000000 -1.000000 1.000000 -1.000000
-0.038271 1.000000 -1.000000 -0.223800 -0.333333 -0.777778 0.000000 0.733333 -0.153153 -1.000000 -0.333333 -1.000000 -1.000000 -1.000000
0.720251 1.000000 1.000000 1.000000 -0.666667 -0.777778 -0.333333 0.511111 -0.045045 -1.000000 -1.000000 -1.000000 -1.000000 -1.000000
0.575507 1.000000 -0.400000 0.811914 -0.666667 0.111111 0.000000 -0.155556 -0.045045 -1.000000 -1.000000 -1.000000 -1.000000 -1.000000
0.652050 1.000000 0.533300 0.945229 -0.666667 -0.160494 0.148148 -0.022222 0.639640 -1.000000 -1.000000 -1.000000 1.000000 -1.000000
0.407098 1.000000 -1.000000 0.545243 0.000000 -0.037037 -0.222222 -0.422222 0.099099 -1.000000 -1.000000 -1.000000 1.000000 -1.000000
-0.386221 0.383330 -1.000000 -0.816671 -1.000000 -0.333333 0.666667 0.733333 -0.045045 -1.000000 -1.000000 -1.000000 -1.000000 -1.000000
-0.398747 0.233330 -1.000000 -0.838100 -1.000000 -0.333333 0.666667 0.733333 -0.045045 -1.000000 -1.000000 -1.000000 -1.000000 -1.000000
0.973553 1.000000 1.000000 1.000000 -0.666667 -0.555556 0.333333 0.733333 -0.153153 -1.000000 -1.000000 -1.000000 -1.000000 -1.000000
0.596384 1.000000 0.000000 0.871429 -0.666667 0.333333 0.333333 -0.155556 -0.261261 -1.000000 -1.000000 -1.000000 -1.000000 -1.000000
0.203900 1.000000 -1.000000 0.183343 -0.333333 -0.111111 0.666667 0.511111 -0.819820 -1.000000 -1.000000 -1.000000 -1.000000 -1.000000
-0.691023 -1.000000 -1.000000 -1.000000 -0.333333 -0.333333 0.666667 0.733333 -0.045045 -1.000000 -1.000000 -1.000000 -1.000000 -1.000000
-0.681280 -1.000000 -1.000000 -1.000000 -0.333333 -0.333333 0.666667 0.733333 -0.045045 -1.000000 -1.000000 -1.000000 -1.000000 -1.000000
0.550455 1.000000 -0.550000 0.792857 -0.666667 0.111111 0.666667 0.288889 -0.045045 1.000000 -1.000000 -1.000000 -1.000000 -1.000000
0.221987 1.000000 -1.000000 0.230943 -0.666667 -0.777778 0.333333 1.000000 -0.603604 0.000000 0.333333 -1.000000 -1.000000 -1.000000
-0.447460 -0.316660 -1.000000 -0.914290 -0.666667 -0.333333 1.000000 1.000000 -0.045045 -1.000000 -1.000000 -1.000000 -1.000000 -1.000000
0.075850 1.000000 -1.000000 -0.054771 0.000000 0.555556 0.000000 -0.511111 -0.045045 -1.000000 -1.000000 -1.000000 -1.000000 -1.000000
0.709119 1.000000 1.000000 1.000000 0.666667 -0.333333 0.000000 0.288889 -0.045045 -1.000000 -1.000000 -1.000000 -1.000000 -1.000000
-0.611691 -1.000000 -1.000000 -1.000000 -0.333333 -0.333333 0.333333 0.511111 -0.045045 -1.000000 -1.000000 -1.000000 -1.000000 -1.000000
-0.615866 -1.000000 -1.000000 -1.000000 -0.333333 -0.333333 0.333333 0.511111 -0.045045 -1.000000 -1.000000 -1.000000 -1.000000 -1.000000
-0.608908 -1.000000 -1.000000 -1.000000 -0.333333 -0.333333 0.333333 0.511111 -0.045045 -1.000000 -1.000000 -1.000000 -1.000000 -1.000000
0.409879 1.000000 -1.000000 0.530943 0.000000 0.086420 0.148148 -0.333333 -0.261261 0.000000 0.333333 -1.000000 -1.000000 -1.000000
-0.947112 -1.000000 -1.000000 -1.000000 -0.333333 -0.333333 0.333333 0.511111 -0.045045 -1.000000 -1.000000 -1.000000 -1.000000 -1.000000
0.988868 1.000000 1.000000 1.000000 -0.333333 -0.555556 -0.333333 0.244444 -0.045045 -1.000000 -1.000000 -1.000000 -1.000000 -1.000000
0.984693 1.000000 1.000000 1.000000 -0.333333 -0.555556 -0.333333 0.244444 -0.045045 -1.000000 -1.000000 -1.000000 -1.000000 -1.000000
-0.220599 1.000000 -1.000000 -0.528567 -0.333333 -0.777778 0.000000 0.733333 -0.657658 -1.000000 -1.000000 0.000000 -1.000000 -1.000000
0.084200 1.000000 -1.000000 -0.038100 0.666667 0.333333 -0.666667 -0.688889 -0.045045 -1.000000 -1.000000 -1.000000 -1.000000 -1.000000
0.529578 1.000000 -0.933300 0.728571 0.666667 -0.111111 0.000000 0.066667 -0.045045 -1.000000 -1.000000 -1.000000 -1.000000 -1.000000
0.454422 1.000000 -1.000000 0.623814 -0.333333 0.111111 0.000000 -0.155556 -0.045045 -1.000000 -0.333333 -0.500000 -1.000000 -1.000000
0.411273 1.000000 -1.000000 0.550000 -0.333333 -0.037037 0.148148 -0.200000 0.639640 -1.000000 -0.333333 -1.000000 -1.000000 -1.000000
0.408493 1.000000 -1.000000 0.545243 -0.333333 -0.037037 0.148148 -0.200000 0.639640 -1.000000 -0.333333 -1.000000 -1.000000 -1.000000
0.418230 1.000000 -1.000000 0.561900 -0.333333 -0.037037 0.148148 -0.200000 0.639640 -1.000000 -0.333333 -1.000000 -1.000000 -1.000000
0.415449 1.000000 -1.000000 0.557143 -0.333333 -0.037037 0.148148 -0.200000 0.639640 -1.000000 -0.333333 -1.000000 -1.000000 -1.000000
0.422405 1.000000 -1.000000 0.569043 -0.333333 0.111111 0.000000 -0.155556 -0.045045 -1.000000 -1.000000 -1.000000 -1.000000 -1.000000
0.693804 1.000000 1.000000 1.000000 -0.333333 -0.333333 0.333333 0.511111 -0.045045 -1.000000 -1.000000 -1.000000 -1.000000 -1.000000
0.071674 1.000000 -1.000000 -0.045243 0.000000 0.777778 0.333333 -0.511111 -0.153153 -1.000000 -1.000000 -1.000000 -1.000000 -1.000000
-0.254002 1.000000 -1.000000 -0.607139 0.000000 0.111111 0.666667 0.288889 -0.045045 -1.000000 -1.000000 -1.000000 -1.000000 -1.000000
0.596384 1.000000 -0.100000 0.852386 0.000000 0.111111 0.333333 0.066667 -0.045045 -1.000000 -1.000000 -1.000000 -1.000000 -1.000000
0.778706 1.000000 1.000000 1.000000 0.000000 -0.111111 0.666667 0.511111 -0.045045 -1.000000 -1.000000 -0.500000 -1.000000 -1.000000
0.309670 1.000000 -1.000000 0.357143 0.000000 -0.111111 0.333333 0.288889 -0.045045 0.000000 -0.333333 -1.000000 -1.000000 -1.000000
0.395967 1.000000 -1.000000 0.504771 0.000000 -0.037037 0.333333 0.066667 0.639640 0.000000 0.333333 -1.000000 -1.000000 -1.000000
0.196935 1.000000 -1.000000 0.159514 0.000000 -0.555556 0.333333 0.733333 -0.387387 -1.000000 0.333333 -1.000000 -1.000000 -1.000000
0.351424 1.000000 -1.000000 0.411900 0.333333 -0.037037 -0.037037 -0.288889 -0.441441 -1.000000 -1.000000 -1.000000 -1.000000 -1.000000
0.842731 1.000000 1.000000 1.000000 -0.666667 0.111111 0.666667 0.288889 -0.045045 -1.000000 -1.000000 -1.000000 -1.000000 -1.000000
0.874739 1.000000 1.000000 1.000000 -0.666667 0.111111 0.666667 0.288889 -0.045045 -1.000000 -1.000000 -1.000000 -1.000000 -1.000000
0.767574 1.000000 1.000000 1.000000 0.000000 -0.333333 0.333333 0.511111 -0.045045 -1.000000 -1.000000 -1.000000 -1.000000 -1.000000
0.230338 1.000000 -1.000000 0.204757 0.333333 -0.111111 0.000000 0.066667 -0.045045 -1.000000 -0.333333 -1.000000 -1.000000 -1.000000
0.767574 1.000000 1.000000 1.000000 0.000000 -0.333333 0.333333 0.511111 -0.045045 -1.000000 -1.000000 -1.000000 -1.000000 -1.000000
0.230338 1.000000 -1.000000 0.204757 0.333333 -0.111111 0.000000 0.066667 -0.045045 -1.000000 -0.333333 -1.000000 -1.000000 -1.000000
0.049411 1.000000 -1.000000 -0.069043 1.000000 0.333333 0.333333 -0.155556 -0.045045 -1.000000 -1.000000 -1.000000 -1.000000 -1.000000
-1.000000 -1.000000 -1.000000 -1.000000 0.333333 -0.333333 0.333333 0.511111 -0.261261 -1.000000 -1.000000 -1.000000 -1.000000 -1.000000
0.664576 1.000000 0.583300 0.947614 0.333333 -0.333333 0.000000 0.288889 -0.045045 -1.000000 -1.000000 -1.000000 -1.000000 -1.000000
0.667365 1.000000 0.616700 0.952386 0.333333 -0.333333 0.000000 0.288889 -0.045045 -1.000000 -1.000000 -1.000000 -1.000000 -1.000000
-0.118998 1.000000 -1.000000 -0.338100 0.000000 0.111111 -0.333333 -0.333333 -0.045045 -1.000000 -1.000000 -1.000000 -1.000000 -1.000000
0.684067 1.000000 1.000000 1.000000 0.666667 -0.111111 0.333333 0.288889 -0.045045 -1.000000 -1.000000 -1.000000 -1.000000 -1.000000
-0.216423 1.000000 -1.000000 -0.552381 0.666667 -0.333333 0.000000 0.288889 -0.045045 -1.000000 -1.000000 -1.000000 -1.000000 -1.000000
-0.219207 1.000000 -1.000000 -0.557143 0.666667 -0.333333 0.000000 0.288889 -0.045045 -1.000000 -1.000000 -1.000000 -1.000000 -1.000000
-0.227557 1.000000 -1.000000 -0.571429 0.666667 -0.333333 0.000000 0.288889 -0.045045 -1.000000 -1.000000 -1.000000 -1.000000 -1.000000
-0.220599 1.000000 -1.000000 -0.559524 0.666667 -0.333333 0.000000 0.288889 -0.045045 -1.000000 -1.000000 -1.000000 -1.000000 -1.000000
-0.230341 1.000000 -1.000000 -0.576190 0.666667 -0.555556 0.000000 0.511111 -0.045045 -1.000000 -1.000000 -1.000000 -1.000000 -1.000000
0.778706 1.000000 1.000000 1.000000 0.666667 -0.333333 0.000000 0.288889 -0.045045 -1.000000 -1.000000 -0.500000 -1.000000 -1.000000
0.089770 1.000000 -1.000000 -0.026186 0.666667 0.111111 -0.333333 -0.333333 -0.045045 -1.000000 -1.000000 -0.500000 -1.000000 -1.000000
0.805152 1.000000 1.000000 1.000000 0.333333 -0.111111 0.000000 0.066667 -0.261261 -1.000000 -1.000000 -1.000000 -1.000000 -1.000000
0.731382 1.000000 1.000000 1.000000 0.333333 0.111111 0.000000 -0.155556 -0.387387 -1.000000 -1.000000 -0.500000 -1.000000 -1.000000
-0.162146 1.000000 -1.000000 -0.457143 0.666667 -0.111111 0.333333 0.288889 -0.045045 -1.000000 -1.000000 -1.000000 -1.000000 -1.000000
0.217812 1.000000 -1.000000 0.254757 0.666667 0.333333 0.333333 -0.155556 -0.045045 -1.000000 -0.333333 -1.000000 -1.000000 -1.000000
-0.380654 0.300000 -1.000000 -0.816661 0.666667 -1.000000 0.000000 1.000000 -0.045045 -1.000000 -1.000000 -1.000000 -1.000000 -1.000000
0.053587 1.000000 -1.000000 -0.047614 0.000000 0.555556 0.000000 -0.511111 -0.045045 -1.000000 -1.000000 -1.000000 -1.000000 -1.000000
0.046622 1.000000 -1.000000 -0.073814 1.000000 0.333333 0.333333 -0.155556 -0.045045 -1.000000 -1.000000 -1.000000 -1.000000 -1.000000
0.048017 1.000000 -1.000000 -0.071429 1.000000 0.333333 0.333333 -0.155556 -0.045045 -1.000000 -1.000000 -1.000000 -1.000000 -1.000000
-0.525400 -1.000000 -1.000000 -1.000000 1.000000 -0.777778 0.000000 0.733333 0.639640 -1.000000 -1.000000 -1.000000 -1.000000 -1.000000
-0.517050 -1.000000 -1.000000 -1.000000 1.000000 -0.555556 0.000000 0.511111 0.639640 -1.000000 -1.000000 -1.000000 -1.000000 -1.000000
-0.528184 -1.000000 -1.000000 -1.000000 1.000000 -0.777778 0.000000 0.733333 0.639640 -1.000000 -1.000000 -1.000000 -1.000000 -1.000000
0.910923 1.000000 1.000000 1.000000 1.000000 -0.777778 0.148148 0.777778 -0.081081 -1.000000 -0.333333 -1.000000 -1.000000 -1.000000
-0.909534 -1.000000 -1.000000 -1.000000 1.000000 -0.777778 0.000000 0.733333 -0.045045 -1.000000 -1.000000 -1.000000 -1.000000 -1.000000
-0.004868 1.000000 -1.000000 -0.166657 -0.333333 0.111111 0.333333 0.066667 -0.045045 -1.000000 -1.000000 -1.000000 -1.000000 -1.000000
0.723031 1.000000 1.000000 1.000000 0.666667 -0.111111 0.333333 0.288889 -0.045045 -1.000000 -1.000000 -1.000000 -1.000000 -1.000000
0.820459 1.000000 1.000000 1.000000 -0.666667 0.111111 0.666667 0.288889 -0.045045 -1.000000 -1.000000 -1.000000 -1.000000 -1.000000
0.969378 1.000000 1.000000 1.000000 1.000000 -1.000000 0.000000 1.000000 -0.261261 -1.000000 -0.333333 -1.000000 -1.000000 -1.000000
0.384827 1.000000 -1.000000 0.538086 0.666667 0.555556 0.333333 -0.333333 -0.045045 -1.000000 -1.000000 -1.000000 -1.000000 -1.000000
0.309670 1.000000 -1.000000 0.400000 0.333333 -0.111111 -0.333333 -0.155556 -0.387387 -1.000000 1.000000 -1.000000 -1.000000 -1.000000
0.336117 1.000000 -1.000000 0.445243 0.333333 -0.555556 0.000000 0.511111 -0.495495 -1.000000 0.333333 -1.000000 -1.000000 -1.000000
0.338898 1.000000 -1.000000 0.450000 0.333333 -0.555556 0.000000 0.511111 -0.495495 -1.000000 0.333333 -1.000000 -1.000000 -1.000000
0.313846 1.000000 -1.000000 0.407143 0.333333 -0.111111 -0.333333 -0.155556 -0.387387 -1.000000 1.000000 -1.000000 -1.000000 -1.000000
0.315240 1.000000 -1.000000 0.409529 0.333333 -0.555556 0.000000 0.511111 -0.495495 -1.000000 0.333333 -1.000000 -1.000000 -1.000000
0.402923 1.000000 -1.000000 0.500000 0.333333 0.580247 0.333333 -0.688889 0.639640 -1.000000 -1.000000 -1.000000 1.000000 -1.000000
-1.000000 -1.000000 -1.000000 -1.000000 0.333333 -0.333333 0.333333 0.511111 -0.261261 -1.000000 -1.000000 -1.000000 -1.000000 -1.000000
-1.000000 -1.000000 -1.000000 -1.000000 0.333333 -0.333333 0.333333 0.511111 -0.261261 -1.000000 -1.000000 -1.000000 -1.000000 -1.000000
-1.000000 -1.000000 -1.000000 -1.000000 0.333333 -0.333333 0.333333 0.511111 -0.261261 -1.000000 -1.000000 -1.000000 -1.000000 -1.000000
0.551841 1.000000 -0.266700 0.823800 0.333333 0.111111 0.000000 -0.155556 -0.045045 -1.000000 -1.000000 -1.000000 -1.000000 -1.000000
-1.000000 -1.000000 -1.000000 -1.000000 0.333333 -0.333333 0.333333 0.511111 -0.261261 -1.000000 -1.000000 -1.000000 -1.000000 -1.000000
-1.000000 -1.000000 -1.000000 -1.000000 0.333333 -0.333333 0.333333 0.511111 -0.261261 -1.000000 -1.000000 -1.000000 -1.000000 -1.000000
-1.000000 -1.000000 -1.000000 -1.000000 0.333333 -0.333333 0.333333 0.511111 -0.261261 -1.000000 -1.000000 -1.000000 -1.000000 -1.000000
-1.000000 -1.000000 -1.000000 -1.000000 0.333333 -0.333333 0.333333 0.511111 -0.261261 -1.000000 -1.000000 -1.000000 -1.000000 -1.000000
-1.000000 -1.000000 -1.000000 -1.000000 0.333333 -0.333333 0.333333 0.511111 -0.261261 -1.000000 -1.000000 -1.000000 -1.000000 -1.000000
-1.000000 -1.000000 -1.000000 -1.000000 0.333333 -0.333333 0.333333 0.511111 -0.261261 -1.000000 -1.000000 -1.000000 -1.000000 -1.000000
-1.000000 -1.000000 -1.000000 -1.000000 0.333333 -0.333333 0.333333 0.511111 -0.261261 -1.000000 -1.000000 -1.000000 -1.000000 -1.000000
-1.000000 -1.000000 -1.000000 -1.000000 0.333333 -0.333333 0.333333 0.511111 -0.261261 -1.000000 -1.000000 -1.000000 -1.000000 -1.000000
-1.000000 -1.000000 -1.000000 -1.000000 0.333333 -0.333333 0.333333 0.511111 -0.261261 -1.000000 -1.000000 -1.000000 -1.000000 -1.000000
-1.000000 -1.000000 -1.000000 -1.000000 0.333333 -0.333333 0.333333 0.511111 -0.261261 -1.000000 -1.000000 -1.000000 -1.000000 -1.000000
-1.000000 -1.000000 -1.000000 -1.000000 0.333333 -0.333333 0.333333 0.511111 -0.261261 -1.000000 -1.000000 -1.000000 -1.000000 -1.000000
-1.000000 -1.000000 -1.000000 -1.000000 0.333333 -0.333333 0.333333 0.511111 -0.261261 -1.000000 -1.000000 -1.000000 -1.000000 -1.000000
-1.000000 -1.000000 -1.000000 -1.000000 0.333333 -0.333333 0.333333 0.511111 -0.261261 -1.000000 -1.000000 -1.000000 -1.000000 -1.000000
-1.000000 -1.000000 -1.000000 -1.000000 0.333333 -0.333333 0.333333 0.511111 -0.261261 -1.000000 -1.000000 -1.000000 -1.000000 -1.000000
-1.000000 -1.000000 -1.000000 -1.000000 0.333333 -0.333333 0.333333 0.511111 -0.261261 -1.000000 -1.000000 -1.000000 -1.000000 -1.000000
-1.000000 -1.000000 -1.000000 -1.000000 0.333333 -0.333333 0.333333 0.511111 -0.261261 -1.000000 -1.000000 -1.000000 -1.000000 -1.000000
-1.000000 -1.000000 -1.000000 -1.000000 0.333333 -0.333333 0.333333 0.511111 -0.261261 -1.000000 -1.000000 -1.000000 -1.000000 -1.000000
-1.000000 -1.000000 -1.000000 -1.000000 0.333333 -0.333333 0.333333 0.511111 -0.261261 -1.000000 -1.000000 -1.000000 -1.000000 -1.000000
-0.871956 -1.000000 -1.000000 -1.000000 -0.666667 -1.000000 -0.333333 0.733333 -0.045045 -1.000000 -0.333333 -1.000000 -1.000000 -1.000000
-1.000000 -1.000000 -1.000000 -1.000000 0.333333 -0.111111 0.333333 0.288889 -0.045045 -1.000000 -1.000000 -1.000000 -1.000000 -1.000000
-1.000000 -1.000000 -1.000000 -1.000000 0.333333 -0.111111 0.333333 0.288889 -0.045045 -1.000000 -1.000000 -1.000000 -1.000000 -1.000000
-1.000000 -1.000000 -1.000000 -1.000000 0.333333 -0.111111 0.333333 0.288889 -0.045045 -1.000000 -1.000000 -1.000000 -1.000000 -1.000000
-1.000000 -1.000000 -1.000000 -1.000000 0.333333 -0.111111 0.333333 0.288889 -0.045045 -1.000000 -1.000000 -1.000000 -1.000000 -1.000000
-1.000000 -1.000000 -1.000000 -1.000000 0.333333 -0.111111 0.333333 0.288889 -0.045045 -1.000000 -1.000000 -1.000000 -1.000000 -1.000000
-1.000000 -1.000000 -1.000000 -1.000000 0.333333 -0.111111 0.333333 0.288889 -0.045045 -1.000000 -1.000000 -1.000000 -1.000000 -1.000000
-1.000000 -1.000000 -1.000000 -1.000000 0.333333 -0.111111 0.333333 0.288889 -0.045045 -1.000000 -1.000000 -1.000000 -1.000000 -1.000000
-1.000000 -1.000000 -1.000000 -1.000000 0.333333 -0.111111 0.333333 0.288889 -0.045045 -1.000000 -1.000000 -1.000000 -1.000000 -1.000000
-1.000000 -1.000000 -1.000000 -1.000000 0.333333 -0.111111 0.333333 0.288889 -0.045045 -1.000000 -1.000000 -1.000000 -1.000000 -1.000000
-1.000000 -1.000000 -1.000000 -1.000000 0.333333 -0.111111 0.333333 0.288889 -0.045045 -1.000000 -1.000000 -1.000000 -1.000000 -1.000000
-1.000000 -1.000000 -1.000000 -1.000000 0.333333 -0.111111 0.333333 0.288889 -0.045045 -1.000000 -1.000000 -1.000000 -1.000000 -1.000000
-1.000000 -1.000000 -1.000000 -1.000000 0.333333 -0.111111 0.333333 0.288889 -0.045045 -1.000000 -1.000000 -1.000000 -1.000000 -1.000000
-1.000000 -1.000000 -1.000000 -1.000000 0.333333 -0.111111 0.333333 0.288889 -0.045045 -1.000000 -1.000000 -1.000000 -1.000000 -1.000000
-1.000000 -1.000000 -1.000000 -1.000000 0.333333 -0.111111 0.333333 0.288889 -0.045045 -1.000000 -1.000000 -1.000000 -1.000000 -1.000000
-1.000000 -1.000000 -1.000000 -1.000000 0.333333 -0.111111 0.333333 0.288889 -0.045045 -1.000000 -1.000000 -1.000000 -1.000000 -1.000000
0.508701 1.000000 -0.800000 0.745243 0.666667 0.111111 0.333333 0.066667 -0.045045 -1.000000 -1.000000 -1.000000 -1.000000 -1.000000
0.233127 1.000000 -1.000000 0.269057 0.333333 -0.333333 0.000000 0.288889 -0.603604 0.000000 -1.000000 -1.000000 -1.000000 -1.000000
0.066113 1.000000 -1.000000 -0.016657 0.333333 0.555556 -0.333333 -0.688889 -0.045045 -1.000000 -1.000000 -1.000000 -1.000000 -1.000000
0.081420 1.000000 -1.000000 0.009529 0.333333 0.555556 -0.333333 -0.688889 -0.045045 -1.000000 -1.000000 -1.000000 -1.000000 -1.000000
0.070288 1.000000 -1.000000 -0.009514 0.333333 0.555556 -0.333333 -0.688889 -0.045045 -1.000000 -1.000000 -1.000000 -1.000000 -1.000000
0.060543 1.000000 -1.000000 -0.026186 0.333333 0.555556 -0.333333 -0.688889 -0.045045 -1.000000 -1.000000 -1.000000 -1.000000 -1.000000
0.053587 1.000000 -1.000000 -0.080943 0.000000 0.777778 0.000000 -0.688889 -0.045045 -1.000000 -1.000000 -1.000000 -1.000000 -1.000000
0.852468 1.000000 1.000000 1.000000 -1.000000 0.111111 0.333333 0.066667 -0.045045 -1.000000 -1.000000 -1.000000 -1.000000 -1.000000
0.123173 1.000000 -1.000000 0.045243 -1.000000 0.111111 0.333333 0.066667 -0.045045 -1.000000 -1.000000 -1.000000 -1.000000 -1.000000
0.123173 1.000000 -1.000000 0.045243 -1.000000 0.111111 0.333333 0.066667 -0.045045 -1.000000 -1.000000 -1.000000 -1.000000 -1.000000
0.710505 1.000000 1.000000 1.000000 -1.000000 0.111111 0.333333 0.066667 -0.045045 -1.000000 -1.000000 -1.000000 -1.000000 -1.000000
0.249829 1.000000 -1.000000 0.266671 -0.333333 0.333333 0.333333 -0.155556 -0.045045 -1.000000 -1.000000 -0.500000 -1.000000 -1.000000
0.249829 1.000000 -1.000000 0.266671 -0.333333 0.333333 0.333333 -0.155556 -0.045045 -1.000000 -1.000000 -0.500000 -1.000000 -1.000000
0.248434 1.000000 -1.000000 0.264286 -0.333333 0.333333 0.333333 -0.155556 -0.045045 -1.000000 -1.000000 -0.500000 -1.000000 -1.000000
0.848292 1.000000 1.000000 1.000000 0.000000 -0.333333 0.000000 0.288889 -0.045045 -1.000000 -1.000000 -1.000000 -1.000000 -1.000000
0.526789 1.000000 -0.833400 0.747614 0.000000 -0.333333 -0.333333 0.066667 -0.261261 -1.000000 -1.000000 -1.000000 -1.000000 -1.000000
0.544885 1.000000 -0.616700 0.778571 0.000000 -0.333333 -0.333333 0.066667 -0.261261 -1.000000 -1.000000 -1.000000 -1.000000 -1.000000
0.171883 1.000000 -1.000000 0.126186 -0.333333 -0.333333 0.333333 0.511111 -0.045045 -1.000000 -0.333333 -1.000000 -1.000000 -1.000000
0.248434 1.000000 -1.000000 0.254757 -0.333333 0.777778 -0.333333 -0.822222 -0.045045 -1.000000 -1.000000 -1.000000 -1.000000 -1.000000
-0.189979 1.000000 -1.000000 -0.473814 -0.666667 0.333333 0.666667 0.066667 -0.045045 -1.000000 -1.000000 -1.000000 -1.000000 -1.000000
-0.192762 1.000000 -1.000000 -0.478576 -0.666667 0.333333 0.666667 0.066667 -0.045045 -1.000000 -1.000000 -1.000000 -1.000000 -1.000000
-0.068894 1.000000 -1.000000 -0.285714 -0.333333 0.333333 0.666667 0.066667 -0.045045 -1.000000 -1.000000 -1.000000 -1.000000 -1.000000
-0.185804 1.000000 -1.000000 -0.466671 -0.666667 0.333333 0.666667 0.066667 -0.045045 -1.000000 -1.000000 -1.000000 -1.000000 -1.000000
0.121779 1.000000 -1.000000 0.042857 -1.000000 0.111111 0.333333 0.066667 -0.045045 -1.000000 -1.000000 -1.000000 -1.000000 -1.000000
0.436326 1.000000 -1.000000 0.597614 -0.666667 0.333333 0.333333 -0.155556 -0.045045 -1.000000 -1.000000 -1.000000 -1.000000 -1.000000
-0.231733 1.000000 -1.000000 -0.545243 -0.666667 0.111111 0.666667 0.288889 -0.045045 -1.000000 -1.000000 -1.000000 -1.000000 -1.000000
0.839942 1.000000 1.000000 1.000000 -0.666667 -0.111111 0.333333 0.288889 -0.045045 -1.000000 -1.000000 -1.000000 -1.000000 -1.000000
0.827415 1.000000 1.000000 1.000000 -0.666667 -0.111111 0.333333 0.288889 -0.045045 -1.000000 -1.000000 -1.000000 -1.000000 -1.000000
-0.102296 1.000000 -1.000000 -0.345243 -0.333333 -0.654321 0.333333 0.733333 0.099099 -1.000000 -0.333333 -1.000000 -1.000000 -1.000000
-0.103691 1.000000 -1.000000 -0.347629 -0.333333 -0.777778 0.000000 0.733333 -0.153153 -1.000000 0.333333 -0.500000 -1.000000 -1.000000
0.852468 1.000000 1.000000 1.000000 0.666667 -0.555556 0.666667 1.000000 -0.045045 -1.000000 -1.000000 -1.000000 -1.000000 -1.000000
0.700768 1.000000 1.000000 1.000000 -0.666667 -0.111111 0.333333 0.288889 -0.045045 -1.000000 -1.000000 -1.000000 -1.000000 -1.000000
0.704944 1.000000 1.000000 1.000000 -0.333333 -0.555556 0.333333 0.733333 -0.045045 -1.000000 -1.000000 -0.500000 -1.000000 -1.000000
-0.166319 1.000000 -1.000000 -0.473810 0.666667 -0.111111 0.333333 0.288889 -0.045045 -1.000000 -1.000000 -1.000000 -1.000000 -1.000000
0.763399 1.000000 1.000000 1.000000 0.000000 -0.333333 0.333333 0.511111 -0.045045 -1.000000 -1.000000 -1.000000 -1.000000 -1.000000
0.693804 1.000000 1.000000 1.000000 0.000000 -0.111111 0.333333 0.288889 -0.045045 -1.000000 -0.333333 -1.000000 -1.000000 -1.000000
0.693804 1.000000 1.000000 1.000000 0.000000 -0.111111 0.333333 0.288889 -0.045045 -1.000000 -0.333333 -1.000000 -1.000000 -1.000000
0.640919 1.000000 0.316700 0.907143 0.333333 -0.333333 0.333333 0.511111 -0.045045 -1.000000 -1.000000 -1.000000 -1.000000 -1.000000
0.020184 1.000000 -1.000000 -0.088086 0.666667 0.333333 0.333333 -0.155556 -0.045045 -1.000000 -1.000000 -1.000000 -1.000000 -1.000000
-0.464161 -0.383330 -1.000000 -0.914290 0.666667 -0.777778 0.000000 0.733333 -0.045045 -1.000000 -1.000000 -1.000000 -1.000000 -1.000000
-0.466945 -0.416670 -1.000000 -0.919053 0.666667 -0.777778 0.000000 0.733333 -0.045045 -1.000000 -1.000000 -1.000000 -1.000000 -1.000000
0.013219 1.000000 -1.000000 -0.100000 0.666667 0.333333 0.333333 -0.155556 -0.045045 -1.000000 -1.000000 -1.000000 -1.000000 -1.000000
-0.465553 -0.400000 -1.000000 -0.916671 0.666667 -0.777778 0.000000 0.733333 -0.045045 -1.000000 -1.000000 -1.000000 -1.000000 -1.000000
-0.247042 1.000000 -1.000000 -0.545233 0.666667 -0.111111 0.333333 0.288889 -0.261261 -1.000000 -1.000000 -1.000000 -1.000000 -1.000000
-0.045236 1.000000 -1.000000 -0.200000 0.666667 0.555556 0.666667 -0.111111 -0.045045 -1.000000 -1.000000 -1.000000 -1.000000 -1.000000
-0.043841 1.000000 -1.000000 -0.197614 0.666667 0.555556 0.666667 -0.111111 -0.045045 -1.000000 -1.000000 -1.000000 -1.000000 -1.000000
0.224777 1.000000 -1.000000 0.195243 0.333333 -0.111111 0.333333 0.288889 -0.045045 -1.000000 -0.333333 -1.000000 -1.000000 -1.000000
-0.099516 1.000000 -1.000000 -0.335714 0.666667 0.209877 -0.222222 -0.644444 0.639640 -1.000000 -1.000000 -1.000000 1.000000 -1.000000
-0.049411 1.000000 -1.000000 -0.273814 0.333333 -0.333333 0.000000 0.288889 -0.045045 -1.000000 -0.333333 -1.000000 -1.000000 -1.000000
-0.092551 1.000000 -1.000000 -0.347614 0.333333 0.086420 0.333333 -0.155556 0.819820 -1.000000 -1.000000 -1.000000 1.000000 -1.000000
-0.091165 1.000000 -1.000000 -0.345243 0.333333 0.086420 0.333333 -0.155556 0.819820 -1.000000 -1.000000 -1.000000 1.000000 -1.000000
0.654839 1.000000 0.633400 0.950000 0.666667 -0.407407 0.148148 0.200000 -0.081081 -1.000000 -1.000000 -1.000000 1.000000 -1.000000
-0.224774 1.000000 -1.000000 -0.573810 0.333333 -0.333333 0.000000 0.288889 -0.261261 -1.000000 -1.000000 -1.000000 -1.000000 -1.000000
-0.226165 1.000000 -1.000000 -0.576190 0.333333 -0.333333 0.000000 0.288889 -0.261261 -1.000000 -1.000000 -1.000000 -1.000000 -1.000000
-0.227557 1.000000 -1.000000 -0.578571 0.333333 -0.333333 0.000000 0.288889 -0.261261 -1.000000 -1.000000 -1.000000 -1.000000 -1.000000
-0.338900 0.633340 -1.000000 -0.771433 0.333333 -0.654321 0.333333 0.822222 -0.081081 -1.000000 -1.000000 -1.000000 -1.000000 1.000000
-0.356994 0.416670 -1.000000 -0.802386 0.333333 -0.777778 0.333333 1.000000 -0.153153 -1.000000 -1.000000 -1.000000 -1.000000 -1.000000
-0.366737 0.300000 -1.000000 -0.819053 0.333333 -0.777778 0.333333 1.000000 -0.153153 -1.000000 -1.000000 -1.000000 -1.000000 -1.000000
-0.393180 -0.016660 -1.000000 -0.864290 0.333333 -0.777778 0.333333 1.000000 -0.153153 -1.000000 -1.000000 -1.000000 -1.000000 -1.000000
-0.411273 -0.233330 -1.000000 -0.895243 0.333333 -0.777778 0.333333 1.000000 -0.153153 -1.000000 -1.000000 -1.000000 -1.000000 -1.000000
-0.433542 -0.500000 -1.000000 -0.933339 0.333333 -0.777778 0.333333 1.000000 -0.153153 -1.000000 -1.000000 -1.000000 -1.000000 -1.000000
-0.411273 -0.233330 -1.000000 -0.895243 0.333333 -0.777778 0.333333 1.000000 -0.153153 -1.000000 -1.000000 -1.000000 -1.000000 -1.000000
-0.391789 0.000000 -1.000000 -0.861910 0.333333 -0.777778 0.333333 1.000000 -0.153153 -1.000000 -1.000000 -1.000000 -1.000000 -1.000000
-0.423800 -0.383330 -1.000000 -0.916671 0.333333 -0.777778 0.333333 1.000000 -0.153153 -1.000000 -1.000000 -1.000000 -1.000000 -1.000000
-0.450244 -0.700000 -1.000000 -0.961910 0.333333 -0.555556 0.333333 0.733333 -0.153153 -1.000000 -1.000000 -1.000000 -1.000000 -1.000000
-0.459986 -0.816660 -1.000000 -0.978576 0.333333 -0.555556 0.333333 0.733333 -0.153153 -1.000000 -1.000000 -1.000000 -1.000000 -1.000000
-0.279054 1.000000 -1.000000 -0.595239 0.333333 -0.111111 0.666667 0.511111 -0.045045 -1.000000 -1.000000 -1.000000 -1.000000 -1.000000
-0.277662 1.000000 -1.000000 -0.592857 0.333333 -0.111111 0.666667 0.511111 -0.045045 -1.000000 -1.000000 -1.000000 -1.000000 -1.000000
-0.277662 1.000000 -1.000000 -0.592857 0.333333 -0.111111 0.666667 0.511111 -0.045045 -1.000000 -1.000000 -1.000000 -1.000000 -1.000000
-0.269311 1.000000 -1.000000 -0.578571 0.333333 -0.111111 0.333333 0.288889 -0.045045 -1.000000 -1.000000 -1.000000 -1.000000 -1.000000
0.780100 1.000000 1.000000 1.000000 0.666667 -0.333333 -0.333333 0.066667 -0.045045 -1.000000 -1.000000 -0.500000 -1.000000 -1.000000
0.667365 1.000000 0.633400 0.952386 0.333333 -0.407407 0.148148 0.377778 0.459459 -1.000000 -1.000000 -1.000000 1.000000 -1.000000
-0.288796 1.000000 -1.000000 -0.645233 1.000000 -0.555556 0.000000 0.511111 -0.261261 -1.000000 -1.000000 -1.000000 -1.000000 -1.000000
-0.295755 1.000000 -1.000000 -0.657139 1.000000 -0.555556 0.000000 0.511111 -0.261261 -1.000000 -1.000000 -1.000000 -1.000000 -1.000000
-0.295755 1.000000 -1.000000 -0.657139 1.000000 -0.555556 0.000000 0.511111 -0.261261 -1.000000 -1.000000 -1.000000 -1.000000 -1.000000
-0.295755 1.000000 -1.000000 -0.657139 1.000000 -0.555556 0.000000 0.511111 -0.261261 -1.000000 -1.000000 -1.000000 -1.000000 -1.000000
-0.298539 1.000000 -1.000000 -0.661900 1.000000 -0.555556 0.000000 0.511111 -0.261261 -1.000000 -1.000000 -1.000000 -1.000000 -1.000000
0.839942 1.000000 1.000000 1.000000 0.333333 -0.333333 0.333333 0.511111 -0.045045 -1.000000 -1.000000 -1.000000 -1.000000 -1.000000
0.379265 1.000000 -1.000000 0.483343 -0.333333 0.333333 0.000000 -0.333333 -0.045045 -1.000000 -1.000000 -1.000000 -1.000000 -1.000000
0.468334 1.000000 -1.000000 0.621429 0.666667 0.555556 0.000000 -0.511111 -0.045045 -1.000000 -1.000000 -1.000000 -1.000000 -1.000000
-0.128743 1.000000 -1.000000 -0.388100 -0.666667 0.333333 0.666667 0.066667 -0.045045 -1.000000 -1.000000 -0.500000 -1.000000 -1.000000
0.212251 1.000000 -1.000000 0.235714 0.666667 0.333333 0.333333 -0.155556 -0.045045 -1.000000 -1.000000 -0.500000 -1.000000 -1.000000
0.224777 1.000000 -1.000000 0.257143 0.666667 0.333333 0.333333 -0.155556 -0.045045 -1.000000 -1.000000 -0.500000 -1.000000 -1.000000
0.185804 1.000000 -1.000000 0.190471 0.666667 0.555556 0.666667 -0.111111 -0.045045 -1.000000 -1.000000 -0.500000 -1.000000 -1.000000
0.890046 1.000000 1.000000 1.000000 1.000000 -0.555556 0.333333 0.733333 -0.045045 -1.000000 -1.000000 -1.000000 -1.000000 -1.000000
0.933194 1.000000 1.000000 1.000000 1.000000 -0.777778 0.333333 1.000000 -0.387387 -1.000000 0.333333 -1.000000 -1.000000 -1.000000
0.486430 1.000000 -1.000000 0.711900 0.666667 -0.111111 0.333333 0.288889 -0.045045 -1.000000 -0.333333 -1.000000 -1.000000 -1.000000
0.532359 1.000000 -0.500000 0.790471 0.666667 -0.333333 0.333333 0.511111 -0.045045 -1.000000 -1.000000 -1.000000 -1.000000 -1.000000
0.629787 1.000000 0.666700 0.957143 0.666667 -0.333333 0.666667 0.733333 -0.045045 -1.000000 -1.000000 -1.000000 -1.000000 -1.000000
0.615866 1.000000 0.500000 0.933329 0.666667 -0.333333 0.666667 0.733333 -0.045045 -1.000000 -1.000000 -1.000000 -1.000000 -1.000000
0.529578 1.000000 -0.533300 0.785714 0.666667 -0.333333 0.333333 0.511111 -0.045045 -1.000000 -1.000000 -1.000000 -1.000000 -1.000000
0.558806 1.000000 -0.183300 0.835714 0.666667 -0.333333 0.333333 0.511111 -0.045045 -1.000000 -1.000000 -1.000000 -1.000000 -1.000000
0.550455 1.000000 -0.283300 0.821429 0.666667 -0.333333 0.333333 0.511111 -0.045045 -1.000000 -1.000000 -1.000000 -1.000000 -1.000000
0.795407 1.000000 1.000000 1.000000 0.666667 -0.555556 0.000000 0.511111 -0.045045 -1.000000 -1.000000 -1.000000 -1.000000 -1.000000
0.073069 1.000000 -1.000000 0.004757 0.666667 0.333333 0.333333 -0.155556 -0.045045 -1.000000 -1.000000 -1.000000 -1.000000 -1.000000
0.082814 1.000000 -1.000000 0.023814 0.666667 -0.777778 0.333333 1.000000 -0.045045 0.000000 -1.000000 -1.000000 -1.000000 -1.000000
0.640919 1.000000 0.416700 0.926186 -0.333333 -0.111111 0.333333 0.288889 -0.045045 -1.000000 -1.000000 -1.000000 -1.000000 -1.000000
0.265136 1.000000 -1.000000 0.330957 0.333333 0.333333 0.666667 0.066667 -0.045045 -1.000000 -1.000000 -0.500000 -1.000000 -1.000000
0.625612 1.000000 0.366700 0.921429 -0.666667 0.333333 1.000000 0.288889 -0.045045 -1.000000 -1.000000 -1.000000 -1.000000 -1.000000
0.620042 1.000000 0.300000 0.911900 -0.666667 0.333333 1.000000 0.288889 -0.045045 -1.000000 -1.000000 -1.000000 -1.000000 -1.000000
0.309670 1.000000 -1.000000 0.390471 0.000000 0.555556 -0.333333 -0.688889 -0.045045 -1.000000 -1.000000 -1.000000 -1.000000 -1.000000
0.338898 1.000000 -1.000000 0.423800 0.000000 0.111111 0.333333 0.066667 -0.045045 -1.000000 -0.333333 -1.000000 -1.000000 -1.000000
0.451633 1.000000 -1.000000 0.638086 0.000000 0.333333 0.000000 -0.333333 -0.045045 1.000000 -1.000000 -1.000000 -1.000000 -1.000000
0.646489 1.000000 0.666700 0.961914 0.000000 -0.333333 0.000000 0.288889 -0.045045 -1.000000 -1.000000 -1.000000 -1.000000 -1.000000
0.554630 1.000000 -0.550000 0.788100 -0.333333 0.111111 0.333333 0.066667 -0.261261 -1.000000 -1.000000 1.000000 -1.000000 -1.000000
0.554630 1.000000 -0.550000 0.788100 -0.333333 0.111111 0.333333 0.066667 -0.261261 -1.000000 -1.000000 1.000000 -1.000000 -1.000000
0.554630 1.000000 -0.550000 0.788100 -0.333333 0.111111 0.333333 0.066667 -0.261261 -1.000000 -1.000000 1.000000 -1.000000 -1.000000
-0.894224 -1.000000 -1.000000 -1.000000 -0.333333 -0.111111 0.333333 0.288889 -0.045045 -1.000000 -1.000000 -1.000000 -1.000000 -1.000000
0.594990 1.000000 -0.150000 0.847614 -0.333333 0.111111 0.333333 0.066667 -0.045045 -1.000000 -1.000000 -1.000000 -1.000000 -1.000000
0.568543 1.000000 -0.466700 0.802371 -0.333333 0.111111 0.333333 0.066667 -0.045045 -1.000000 -1.000000 -1.000000 -1.000000 -1.000000
0.279056 1.000000 -1.000000 0.307143 -0.333333 0.333333 0.666667 0.066667 -0.045045 -1.000000 -1.000000 -0.500000 -1.000000 -1.000000
0.302714 1.000000 -1.000000 0.347614 -0.333333 0.333333 0.666667 0.066667 -0.045045 -1.000000 -1.000000 -0.500000 -1.000000 -1.000000
0.248434 1.000000 -1.000000 0.254757 -0.333333 0.333333 0.666667 0.066667 -0.045045 -1.000000 -1.000000 -1.000000 -1.000000 -1.000000
0.565762 1.000000 -0.516700 0.795243 -0.666667 0.111111 0.333333 0.066667 -0.045045 -1.000000 -1.000000 -1.000000 -1.000000 -1.000000
0.660401 1.000000 0.666600 0.966657 -1.000000 -0.037037 0.333333 -0.022222 0.459459 -1.000000 -1.000000 -1.000000 1.000000 -1.000000
0.631173 1.000000 0.266600 0.907143 -0.666667 0.111111 0.000000 -0.155556 -0.045045 -1.000000 -1.000000 -1.000000 -1.000000 -1.000000
-0.542102 -1.000000 -1.000000 -1.000000 -0.666667 -1.000000 -0.333333 0.733333 -0.261261 -1.000000 -0.333333 -0.500000 -1.000000 -1.000000
-0.546277 -1.000000 -1.000000 -1.000000 -0.666667 -1.000000 -0.333333 0.733333 -0.261261 -1.000000 -0.333333 -0.500000 -1.000000 -1.000000
-0.544885 -1.000000 -1.000000 -1.000000 -0.666667 -1.000000 -0.333333 0.733333 -0.261261 -1.000000 -0.333333 -0.500000 -1.000000 -1.000000
0.485035 1.000000 -1.000000 0.657143 -0.666667 0.333333 0.000000 -0.333333 -0.045045 -1.000000 -1.000000 -1.000000 -1.000000 -1.000000
0.493386 1.000000 -1.000000 0.671429 -0.666667 0.333333 0.000000 -0.333333 -0.045045 -1.000000 -1.000000 -1.000000 -1.000000 -1.000000
0.471123 1.000000 -1.000000 0.635714 -0.666667 0.555556 0.333333 -0.333333 -0.045045 -1.000000 -1.000000 -1.000000 -1.000000 -1.000000
0.465553 1.000000 -1.000000 0.626186 -0.666667 0.555556 0.333333 -0.333333 -0.045045 -1.000000 -1.000000 -1.000000 -1.000000 -1.000000
0.561587 1.000000 -0.433300 0.807143 -1.000000 0.111111 0.333333 0.066667 -0.045045 -1.000000 -1.000000 -1.000000 -1.000000 -1.000000
0.625612 1.000000 0.216700 0.902386 -0.666667 0.111111 0.666667 0.288889 -0.045045 -1.000000 -1.000000 -1.000000 -1.000000 -1.000000
0.625612 1.000000 0.216700 0.902386 -0.666667 0.111111 0.666667 0.288889 -0.045045 -1.000000 -1.000000 -1.000000 -1.000000 -1.000000
0.009044 1.000000 -1.000000 -0.152386 -0.666667 0.555556 0.333333 -0.333333 -0.045045 -1.000000 -1.000000 -1.000000 -1.000000 -1.000000
0.652050 1.000000 0.583300 0.954757 -1.000000 0.209877 0.518519 -0.200000 0.639640 -1.000000 -1.000000 -0.500000 -1.000000 -1.000000
0.691023 1.000000 1.000000 1.000000 -1.000000 -0.111111 0.333333 0.288889 -0.045045 -1.000000 -1.000000 -1.000000 -1.000000 -1.000000
0.681278 1.000000 0.916600 1.000000 -1.000000 0.111111 0.333333 0.066667 -0.045045 -1.000000 -1.000000 -1.000000 -1.000000 -1.000000
0.674322 1.000000 0.833300 0.990471 -1.000000 0.111111 0.333333 0.066667 -0.045045 -1.000000 -1.000000 -1.000000 -1.000000 -1.000000
0.686848 1.000000 0.983300 1.000000 -1.000000 0.111111 0.333333 0.066667 -0.045045 -1.000000 -1.000000 -1.000000 -1.000000 -1.000000
0.674322 1.000000 0.833300 0.990471 -1.000000 0.111111 0.333333 0.066667 -0.045045 -1.000000 -1.000000 -1.000000 -1.000000 -1.000000
0.692418 1.000000 1.000000 1.000000 -1.000000 -0.111111 0.333333 0.288889 -0.045045 -1.000000 -1.000000 -1.000000 -1.000000 -1.000000
0.689628 1.000000 1.000000 1.000000 -1.000000 0.111111 0.333333 0.066667 -0.045045 -1.000000 -1.000000 -1.000000 -1.000000 -1.000000
0.674322 1.000000 0.833300 0.990471 -1.000000 0.111111 0.333333 0.066667 -0.045045 -1.000000 -1.000000 -1.000000 -1.000000 -1.000000
0.675716 1.000000 0.850000 0.992857 -1.000000 0.111111 0.333333 0.066667 -0.045045 -1.000000 -1.000000 -1.000000 -1.000000 -1.000000
0.657620 1.000000 0.633300 0.961900 -1.000000 -0.037037 0.333333 -0.022222 0.459459 -1.000000 -1.000000 -1.000000 1.000000 -1.000000
0.660401 1.000000 0.666600 0.966657 -1.000000 -0.037037 0.333333 -0.022222 0.459459 -1.000000 -1.000000 -1.000000 1.000000 -1.000000
0.610296 1.000000 0.066600 0.880943 -1.000000 0.111111 0.666667 0.288889 -0.045045 -1.000000 -1.000000 -1.000000 -1.000000 -1.000000
-0.451635 -0.366660 -1.000000 -0.921433 -0.666667 -0.111111 0.666667 0.511111 -0.045045 -1.000000 -1.000000 -1.000000 -1.000000 -1.000000
0.707724 1.000000 1.000000 1.000000 -1.000000 -0.333333 0.000000 0.288889 -0.045045 -1.000000 -1.000000 -1.000000 -1.000000 -1.000000
-0.903967 -1.000000 -1.000000 -1.000000 -1.000000 -0.555556 -0.333333 0.244444 -0.045045 -1.000000 -1.000000 -1.000000 -1.000000 -1.000000
-0.894224 -1.000000 -1.000000 -1.000000 -1.000000 -0.555556 0.000000 0.511111 -0.045045 -1.000000 -1.000000 -1.000000 -1.000000 -1.000000
0.652050 1.000000 0.650000 0.961900 -1.000000 -0.037037 0.333333 -0.066667 0.639640 -1.000000 -1.000000 -1.000000 1.000000 -1.000000
-0.014614 1.000000 -1.000000 -0.214286 0.333333 -0.111111 0.000000 0.066667 -0.045045 -1.000000 -1.000000 -1.000000 -1.000000 -1.000000
-0.389005 0.366670 -1.000000 -0.819047 -1.000000 -0.111111 0.666667 0.511111 -0.045045 -1.000000 -1.000000 -1.000000 -1.000000 -1.000000
-0.398747 0.250000 -1.000000 -0.835714 -1.000000 -0.111111 0.666667 0.511111 -0.045045 -1.000000 -1.000000 -1.000000 -1.000000 -1.000000
0.543491 1.000000 -0.866700 0.738086 0.333333 -0.111111 -0.333333 -0.155556 -0.045045 -1.000000 -1.000000 -1.000000 -1.000000 -1.000000
-0.376478 0.516670 -1.000000 -0.795233 -0.333333 -0.555556 0.333333 0.733333 -0.657658 -1.000000 -1.000000 -1.000000 1.000000 -1.000000
-0.398747 0.250000 -1.000000 -0.833329 -0.333333 -0.555556 0.333333 0.733333 -0.657658 -1.000000 -1.000000 -1.000000 1.000000 -1.000000
-0.434934 -0.183330 -1.000000 -0.895233 -0.333333 -0.555556 0.333333 0.733333 -0.657658 -1.000000 -1.000000 -1.000000 1.000000 -1.000000
-0.391789 0.333330 -1.000000 -0.821424 -0.333333 -0.555556 0.333333 0.733333 -0.657658 -1.000000 -1.000000 -1.000000 1.000000 -1.000000
-0.432150 -0.150000 -1.000000 -0.890471 -0.333333 -0.555556 0.333333 0.733333 -0.657658 -1.000000 -1.000000 -1.000000 1.000000 -1.000000
-0.405706 0.166670 -1.000000 -0.845233 -0.333333 -0.555556 0.333333 0.733333 -0.657658 -1.000000 -1.000000 -1.000000 1.000000 -1.000000
0.544885 1.000000 -0.700000 0.764286 -0.333333 -0.111111 0.666667 0.511111 -0.045045 -1.000000 -1.000000 -1.000000 -1.000000 -1.000000
0.544885 1.000000 -0.700000 0.764286 -0.333333 -0.111111 0.666667 0.511111 -0.045045 -1.000000 -1.000000 -1.000000 -1.000000 -1.000000
0.542104 1.000000 -0.733300 0.759529 -0.333333 -0.111111 0.666667 0.511111 -0.045045 -1.000000 -1.000000 -1.000000 -1.000000 -1.000000
0.542104 1.000000 -0.733300 0.759529 -0.333333 -0.111111 0.666667 0.511111 -0.045045 -1.000000 -1.000000 -1.000000 -1.000000 -1.000000
0.540710 1.000000 -0.750000 0.757143 -0.333333 -0.111111 0.666667 0.511111 -0.045045 -1.000000 -1.000000 -1.000000 -1.000000 -1.000000
0.542104 1.000000 -0.733300 0.759529 -0.333333 -0.111111 0.666667 0.511111 -0.045045 -1.000000 -1.000000 -1.000000 -1.000000 -1.000000
0.528184 1.000000 -0.900000 0.735714 -0.333333 -0.111111 0.666667 0.511111 -0.045045 -1.000000 -1.000000 -1.000000 -1.000000 -1.000000
0.528184 1.000000 -0.900000 0.735714 -0.333333 -0.111111 0.666667 0.511111 -0.045045 -1.000000 -1.000000 -1.000000 -1.000000 -1.000000
0.501737 1.000000 -1.000000 0.690471 -0.333333 -0.111111 0.333333 0.288889 -0.045045 -1.000000 -1.000000 -1.000000 -1.000000 -1.000000
-0.208073 1.000000 -1.000000 -0.523810 -0.333333 -0.111111 0.333333 0.288889 -0.045045 -1.000000 -1.000000 -1.000000 -1.000000 -1.000000
-0.210856 1.000000 -1.000000 -0.528571 -0.333333 -0.111111 0.333333 0.288889 -0.045045 -1.000000 -1.000000 -1.000000 -1.000000 -1.000000
-0.213639 1.000000 -1.000000 -0.533333 -0.333333 -0.111111 0.333333 0.288889 -0.045045 -1.000000 -1.000000 -1.000000 -1.000000 -1.000000
0.532359 1.000000 -0.866700 0.742857 0.000000 -0.333333 0.666667 0.733333 -0.819820 0.000000 0.333333 -1.000000 -1.000000 -1.000000
0.599165 1.000000 -0.083300 0.854757 0.000000 -0.777778 0.000000 0.733333 -0.045045 0.000000 0.333333 -1.000000 -1.000000 -1.000000
0.082814 1.000000 -1.000000 -0.019043 1.000000 -0.777778 -0.333333 0.511111 -0.045045 -1.000000 -1.000000 -1.000000 -1.000000 -1.000000
0.832985 1.000000 1.000000 1.000000 0.000000 -0.654321 0.333333 0.822222 0.459459 -1.000000 -1.000000 -1.000000 -1.000000 1.000000
0.639524 1.000000 0.350000 0.916657 0.000000 -0.333333 0.333333 0.511111 -0.045045 -1.000000 -1.000000 -1.000000 -1.000000 -1.000000
0.368125 1.000000 -1.000000 0.445229 0.000000 -0.901235 0.148148 1.000000 -0.801802 1.000000 -1.000000 -1.000000 -1.000000 -1.000000
0.455808 1.000000 -1.000000 0.626186 1.000000 -0.111111 0.333333 0.288889 -0.045045 -1.000000 -1.000000 -0.500000 -1.000000 -1.000000
0.192760 1.000000 -1.000000 0.173800 -1.000000 0.777778 0.666667 -0.333333 -0.045045 -1.000000 -1.000000 -1.000000 -1.000000 -1.000000
0.004868 1.000000 -1.000000 -0.173814 0.000000 0.333333 0.000000 -0.333333 -0.045045 -1.000000 -1.000000 -1.000000 -1.000000 -1.000000
-0.003482 1.000000 -1.000000 -0.188100 0.000000 0.333333 0.000000 -0.333333 -0.045045 -1.000000 -1.000000 -1.000000 -1.000000 -1.000000
0.803758 1.000000 1.000000 1.000000 0.000000 -0.777778 0.333333 1.000000 -0.045045 -1.000000 -1.000000 -1.000000 -1.000000 -1.000000
-0.116217 1.000000 -1.000000 -0.354771 1.000000 -0.111111 0.000000 0.066667 -0.045045 -1.000000 -1.000000 -1.000000 -1.000000 -1.000000
-0.116217 1.000000 -1.000000 -0.354771 1.000000 -0.111111 0.000000 0.066667 -0.045045 -1.000000 -1.000000 -1.000000 -1.000000 -1.000000
-0.121779 1.000000 -1.000000 -0.364286 1.000000 -0.111111 0.000000 0.066667 -0.045045 -1.000000 -1.000000 -1.000000 -1.000000 -1.000000
0.497562 1.000000 -1.000000 0.669043 0.666667 -0.111111 -0.666667 -0.333333 -0.045045 -1.000000 -1.000000 -1.000000 -1.000000 -1.000000
-0.337509 1.000000 -1.000000 -0.726196 -0.666667 -0.111111 0.333333 0.288889 -0.045045 -1.000000 -1.000000 -1.000000 -1.000000 -1.000000
-0.365344 0.666670 -1.000000 -0.773814 -0.666667 -0.160494 0.333333 0.111111 0.099099 -1.000000 -1.000000 -1.000000 1.000000 -1.000000
-0.423800 -0.033330 -1.000000 -0.873814 -0.666667 -0.333333 0.333333 0.511111 -0.045045 -1.000000 -1.000000 -1.000000 -1.000000 -1.000000
0.436326 1.000000 -1.000000 0.561900 0.666667 0.333333 -0.333333 -0.511111 -0.045045 -1.000000 -1.000000 -1.000000 -1.000000 -1.000000
-0.157971 1.000000 -1.000000 -0.442857 0.666667 -0.333333 0.333333 0.511111 -0.045045 -1.000000 -1.000000 -1.000000 -1.000000 -1.000000
-0.180236 1.000000 -1.000000 -0.480947 0.666667 -0.333333 0.333333 0.511111 -0.045045 -1.000000 -1.000000 -1.000000 -1.000000 -1.000000
-0.191371 1.000000 -1.000000 -0.499996 0.666667 -0.555556 0.000000 0.511111 -0.045045 -1.000000 -1.000000 -1.000000 -1.000000 -1.000000
-0.178845 1.000000 -1.000000 -0.478567 0.666667 -0.333333 0.333333 0.511111 -0.045045 -1.000000 -1.000000 -1.000000 -1.000000 -1.000000
0.195549 1.000000 -1.000000 0.178571 -1.000000 0.777778 0.666667 -0.333333 -0.045045 -1.000000 -1.000000 -1.000000 -1.000000 -1.000000
-0.485038 -1.000000 -1.000000 -1.000000 0.666667 -0.777778 0.000000 0.733333 -0.045045 -1.000000 -1.000000 -0.500000 -1.000000 -1.000000
-0.223382 1.000000 -1.000000 -0.523814 1.000000 -0.333333 0.333333 0.511111 -0.387387 -1.000000 -1.000000 -1.000000 -1.000000 -1.000000
0.329161 1.000000 -1.000000 0.397629 0.666667 0.333333 0.000000 -0.333333 -0.045045 -1.000000 -1.000000 -0.500000 -1.000000 -1.000000
0.324985 1.000000 -1.000000 0.433343 0.666667 -0.111111 0.333333 0.288889 -0.045045 -1.000000 -0.333333 -1.000000 -1.000000 -1.000000
0.323591 1.000000 -1.000000 0.430957 0.666667 -0.111111 0.333333 0.288889 -0.045045 -1.000000 -0.333333 -1.000000 -1.000000 -1.000000
0.924843 1.000000 1.000000 1.000000 1.000000 -0.555556 0.000000 0.511111 -0.045045 -1.000000 -1.000000 -1.000000 -1.000000 -1.000000
0.856643 1.000000 1.000000 1.000000 1.000000 -0.333333 0.333333 0.511111 -0.495495 -1.000000 -1.000000 -1.000000 -1.000000 -1.000000
0.824635 1.000000 1.000000 1.000000 1.000000 -0.333333 0.333333 0.511111 -0.495495 -1.000000 -1.000000 -1.000000 -1.000000 -1.000000
0.867783 1.000000 1.000000 1.000000 1.000000 -0.283951 0.333333 0.244444 -0.441441 -1.000000 -1.000000 -1.000000 1.000000 -1.000000
0.842731 1.000000 1.000000 1.000000 1.000000 -0.333333 0.333333 0.511111 -0.495495 -1.000000 -1.000000 -1.000000 -1.000000 -1.000000
0.881695 1.000000 1.000000 1.000000 1.000000 -0.283951 0.333333 0.244444 -0.441441 -1.000000 -1.000000 -1.000000 1.000000 -1.000000
0.814889 1.000000 1.000000 1.000000 1.000000 -0.333333 0.333333 0.511111 -0.495495 -1.000000 -1.000000 -1.000000 -1.000000 -1.000000
-0.262352 1.000000 -1.000000 -0.583339 1.000000 -0.333333 0.000000 0.288889 -0.045045 -1.000000 -1.000000 -1.000000 -1.000000 -1.000000
-0.256785 1.000000 -1.000000 -0.573814 1.000000 -0.333333 0.000000 0.288889 -0.045045 -1.000000 -1.000000 -1.000000 -1.000000 -1.000000
-0.280445 1.000000 -1.000000 -0.614290 1.000000 -0.555556 0.000000 0.511111 -0.045045 -1.000000 -1.000000 -1.000000 -1.000000 -1.000000
0.091165 1.000000 -1.000000 -0.014286 0.000000 0.555556 0.666667 -0.111111 -0.045045 -1.000000 -1.000000 -1.000000 -1.000000 -1.000000
0.009044 1.000000 -1.000000 -0.104771 0.666667 0.333333 0.000000 -0.333333 -0.045045 -1.000000 -1.000000 -1.000000 -1.000000 -1.000000
0.622823 1.000000 0.566600 0.945229 0.333333 -0.111111 0.333333 0.288889 -0.963964 -1.000000 -1.000000 -1.000000 1.000000 -1.000000
0.622823 1.000000 0.566600 0.945229 0.333333 -0.111111 0.333333 0.288889 -0.963964 -1.000000 -1.000000 -1.000000 1.000000 -1.000000
0.620042 1.000000 0.533300 0.940471 0.333333 -0.111111 0.333333 0.288889 -0.963964 -1.000000 -1.000000 -1.000000 1.000000 -1.000000
0.585244 1.000000 0.116600 0.880943 0.333333 0.111111 0.333333 0.066667 -1.000000 -1.000000 -1.000000 -1.000000 1.000000 -1.000000
0.581069 1.000000 0.066600 0.873800 0.333333 0.111111 0.333333 0.066667 -1.000000 -1.000000 -1.000000 -1.000000 1.000000 -1.000000
0.575507 1.000000 0.000000 0.864286 0.333333 0.111111 0.333333 0.066667 -1.000000 -1.000000 -1.000000 -1.000000 1.000000 -1.000000
0.729996 1.000000 1.000000 1.000000 0.000000 -0.333333 0.000000 0.288889 -0.045045 -1.000000 -1.000000 -1.000000 -1.000000 -1.000000
0.743908 1.000000 1.000000 1.000000 0.333333 -0.333333 0.333333 0.511111 -0.711712 -1.000000 -1.000000 -1.000000 1.000000 -1.000000
0.635349 1.000000 0.600000 0.950000 0.000000 0.111111 0.000000 -0.155556 -0.045045 -1.000000 -1.000000 -1.000000 -1.000000 -1.000000
0.558806 1.000000 -0.416600 0.807143 0.000000 0.555556 -0.666667 -0.866667 -0.045045 -1.000000 -1.000000 -1.000000 -1.000000 -1.000000
0.333336 1.000000 -1.000000 0.423814 0.000000 0.777778 0.333333 -0.511111 -0.045045 -1.000000 -1.000000 -1.000000 -1.000000 -1.000000
0.341687 1.000000 -1.000000 0.438100 0.000000 0.777778 0.333333 -0.511111 -0.045045 -1.000000 -1.000000 -1.000000 -1.000000 -1.000000
0.331942 1.000000 -1.000000 0.421429 0.000000 0.777778 0.333333 -0.511111 -0.045045 -1.000000 -1.000000 -1.000000 -1.000000 -1.000000
0.315240 1.000000 -1.000000 0.392857 0.000000 0.777778 0.333333 -0.511111 -0.045045 -1.000000 -1.000000 -1.000000 -1.000000 -1.000000
0.329161 1.000000 -1.000000 0.416671 0.000000 0.777778 0.333333 -0.511111 -0.045045 -1.000000 -1.000000 -1.000000 -1.000000 -1.000000
0.493386 1.000000 -1.000000 0.671429 -0.333333 0.333333 0.333333 -0.155556 -0.045045 -1.000000 -1.000000 -1.000000 -1.000000 -1.000000
0.931800 1.000000 1.000000 1.000000 -0.333333 0.111111 0.666667 0.288889 -0.045045 -1.000000 -1.000000 -1.000000 -1.000000 -1.000000
0.814889 1.000000 1.000000 1.000000 -0.333333 0.111111 0.000000 -0.155556 -0.045045 -1.000000 -1.000000 -1.000000 -1.000000 -1.000000
-0.082814 1.000000 -1.000000 -0.311914 -0.333333 0.209877 0.703704 -0.022222 0.639640 -1.000000 -1.000000 -1.000000 1.000000 -1.000000
-0.100902 1.000000 -1.000000 -0.338086 -0.333333 -0.037037 0.333333 -0.066667 1.000000 -1.000000 -1.000000 -1.000000 -1.000000 -1.000000
-0.366737 0.500000 -1.000000 -0.795239 -0.333333 -0.333333 0.333333 0.511111 -0.495495 -1.000000 -1.000000 -1.000000 -1.000000 -1.000000
-0.315240 1.000000 -1.000000 -0.709529 -0.333333 -0.333333 0.666667 0.733333 -0.045045 -1.000000 -1.000000 -0.500000 -1.000000 -1.000000
0.426580 1.000000 -1.000000 0.557143 -0.333333 0.333333 0.333333 -0.155556 -0.045045 -1.000000 -1.000000 -1.000000 -1.000000 -1.000000
0.631173 1.000000 0.266600 0.907143 -0.666667 -0.555556 0.000000 0.511111 -0.045045 -1.000000 -1.000000 -1.000000 -1.000000 -1.000000
0.670146 1.000000 0.716700 0.973814 -0.666667 -0.111111 0.333333 0.288889 -0.045045 -1.000000 -1.000000 -1.000000 -1.000000 -1.000000
0.554630 1.000000 -0.483300 0.800000 -0.666667 -0.333333 1.000000 1.000000 -0.045045 -1.000000 -1.000000 -1.000000 -1.000000 -1.000000
-0.067499 1.000000 -1.000000 -0.233329 0.666667 0.555556 0.333333 -0.333333 -0.045045 -1.000000 -1.000000 -1.000000 -1.000000 -1.000000
0.594990 1.000000 -0.133300 0.852386 -1.000000 -0.111111 0.666667 0.511111 -0.045045 -1.000000 -1.000000 -1.000000 -1.000000 -1.000000
-0.408490 0.083330 -1.000000 -0.859524 -1.000000 -0.555556 0.333333 0.733333 -0.045045 -1.000000 -1.000000 -1.000000 -1.000000 -1.000000
-0.521225 -1.000000 -1.000000 -1.000000 -1.000000 -0.333333 0.666667 0.733333 -0.045045 -1.000000 -1.000000 -1.000000 -1.000000 -1.000000
0.764785 1.000000 1.000000 1.000000 0.333333 -0.555556 0.000000 0.511111 -0.045045 -1.000000 -1.000000 -1.000000 -1.000000 -1.000000
-0.518441 -1.000000 -1.000000 -1.000000 -1.000000 -0.333333 0.666667 0.733333 -0.045045 -1.000000 -1.000000 -1.000000 -1.000000 -1.000000
0.636743 1.000000 0.333300 0.916671 -0.666667 -0.111111 0.000000 0.066667 -0.045045 -1.000000 -1.000000 -1.000000 -1.000000 -1.000000
0.667365 1.000000 0.800000 0.985714 -1.000000 0.333333 0.333333 -0.155556 -0.045045 -1.000000 -1.000000 -1.000000 -1.000000 -1.000000
0.461378 1.000000 -1.000000 0.640471 -0.666667 -0.333333 0.666667 0.733333 -0.045045 -1.000000 -0.333333 -1.000000 -1.000000 -1.000000
0.466948 1.000000 -1.000000 0.650000 -0.666667 -0.333333 0.666667 0.733333 -0.045045 -1.000000 -0.333333 -1.000000 -1.000000 -1.000000
0.473904 1.000000 -1.000000 0.661900 -0.666667 -0.333333 0.666667 0.733333 -0.045045 -1.000000 -0.333333 -1.000000 -1.000000 -1.000000
0.464159 1.000000 -1.000000 0.645229 -0.666667 -0.333333 0.666667 0.733333 -0.045045 -1.000000 -0.333333 -1.000000 -1.000000 -1.000000
0.468334 1.000000 -1.000000 0.652371 -0.666667 -0.333333 0.666667 0.733333 -0.045045 -1.000000 -0.333333 -1.000000 -1.000000 -1.000000
0.465553 1.000000 -1.000000 0.647614 -0.666667 -0.333333 0.666667 0.733333 -0.045045 -1.000000 -0.333333 -1.000000 -1.000000 -1.000000
0.464159 1.000000 -1.000000 0.645229 -0.666667 -0.333333 0.666667 0.733333 -0.045045 -1.000000 -0.333333 -1.000000 -1.000000 -1.000000
0.564367 1.000000 -0.366700 0.816657 -0.666667 -0.333333 1.000000 1.000000 -0.045045 -1.000000 -1.000000 -1.000000 -1.000000 -1.000000
0.558806 1.000000 -0.433300 0.807143 -0.666667 -0.333333 1.000000 1.000000 -0.045045 -1.000000 -1.000000 -1.000000 -1.000000 -1.000000
0.560192 1.000000 -0.416700 0.809514 -0.666667 -0.333333 1.000000 1.000000 -0.045045 -1.000000 -1.000000 -1.000000 -1.000000 -1.000000
0.053587 1.000000 -1.000000 -0.064286 -0.333333 0.777778 0.666667 -0.333333 -0.045045 -1.000000 -1.000000 -1.000000 -1.000000 -1.000000
-0.998608 -1.000000 -1.000000 -1.000000 0.666667 -0.555556 0.000000 0.511111 -0.045045 -1.000000 -1.000000 -1.000000 -1.000000 -1.000000
-1.000000 -1.000000 -1.000000 -1.000000 0.666667 -0.555556 0.000000 0.511111 -0.045045 -1.000000 -1.000000 -1.000000 -1.000000 -1.000000
0.930413 1.000000 1.000000 1.000000 1.000000 -0.333333 0.000000 0.288889 -0.045045 -1.000000 -1.000000 -1.000000 -1.000000 -1.000000
0.823240 1.000000 1.000000 1.000000 1.000000 -0.333333 0.000000 0.288889 -0.045045 -1.000000 -1.000000 -1.000000 -1.000000 -1.000000
-0.990257 -1.000000 -1.000000 -1.000000 0.666667 -0.555556 0.000000 0.511111 -0.045045 -1.000000 -1.000000 -1.000000 -1.000000 -1.000000
0.945720 1.000000 1.000000 1.000000 1.000000 -0.333333 0.333333 0.511111 -0.045045 -1.000000 -0.333333 -1.000000 -1.000000 -1.000000
-1.000000 -1.000000 -1.000000 -1.000000 0.666667 -0.555556 0.000000 0.511111 -0.045045 -1.000000 -1.000000 -1.000000 -1.000000 -1.000000
-0.994433 -1.000000 -1.000000 -1.000000 0.666667 -0.555556 0.000000 0.511111 -0.045045 -1.000000 -1.000000 -1.000000 -1.000000 -1.000000
-0.998608 -1.000000 -1.000000 -1.000000 0.666667 -0.555556 0.000000 0.511111 -0.045045 -1.000000 -1.000000 -1.000000 -1.000000 -1.000000
-0.998608 -1.000000 -1.000000 -1.000000 0.666667 -0.555556 0.000000 0.511111 -0.045045 -1.000000 -1.000000 -1.000000 -1.000000 -1.000000
-0.994433 -1.000000 -1.000000 -1.000000 0.666667 -0.555556 0.000000 0.511111 -0.045045 -1.000000 -1.000000 -1.000000 -1.000000 -1.000000
-0.993041 -1.000000 -1.000000 -1.000000 0.666667 -0.555556 0.000000 0.511111 -0.045045 -1.000000 -1.000000 -1.000000 -1.000000 -1.000000
-0.991649 -1.000000 -1.000000 -1.000000 0.666667 -0.555556 0.000000 0.511111 -0.045045 -1.000000 -1.000000 -1.000000 -1.000000 -1.000000
-0.994433 -1.000000 -1.000000 -1.000000 0.666667 -0.555556 0.000000 0.511111 -0.045045 -1.000000 -1.000000 -1.000000 -1.000000 -1.000000
-1.000000 -1.000000 -1.000000 -1.000000 0.666667 -0.555556 0.000000 0.511111 -0.045045 -1.000000 -1.000000 -1.000000 -1.000000 -1.000000
-1.000000 -1.000000 -1.000000 -1.000000 0.666667 -0.555556 0.000000 0.511111 -0.045045 -1.000000 -1.000000 -1.000000 -1.000000 -1.000000
-1.000000 -1.000000 -1.000000 -1.000000 0.666667 -0.555556 0.000000 0.511111 -0.045045 -1.000000 -1.000000 -1.000000 -1.000000 -1.000000
-0.993041 -1.000000 -1.000000 -1.000000 0.666667 -0.555556 0.000000 0.511111 -0.045045 -1.000000 -1.000000 -1.000000 -1.000000 -1.000000
0.665971 1.000000 1.000000 1.000000 0.666667 -0.283951 -0.222222 -0.244444 0.459459 -1.000000 -1.000000 -1.000000 1.000000 -1.000000
0.724426 1.000000 1.000000 1.000000 0.333333 0.111111 0.333333 0.066667 -0.045045 -1.000000 -1.000000 -0.500000 -1.000000 -1.000000
-0.043841 1.000000 -1.000000 -0.230957 1.000000 0.333333 0.333333 -0.155556 -0.045045 -1.000000 -1.000000 -1.000000 -1.000000 -1.000000
-0.050797 1.000000 -1.000000 -0.242857 1.000000 0.333333 0.333333 -0.155556 -0.045045 -1.000000 -1.000000 -1.000000 -1.000000 -1.000000
-0.149620 1.000000 -1.000000 -0.409529 1.000000 -0.111111 0.333333 0.288889 -0.261261 -1.000000 -1.000000 -1.000000 -1.000000 -1.000000
-0.146831 1.000000 -1.000000 -0.404757 1.000000 -0.111111 0.333333 0.288889 -0.261261 -1.000000 -1.000000 -1.000000 -1.000000 -1.000000
-0.151006 1.000000 -1.000000 -0.411900 1.000000 -0.111111 0.333333 0.288889 -0.261261 -1.000000 -1.000000 -1.000000 -1.000000 -1.000000
-0.151006 1.000000 -1.000000 -0.411900 1.000000 -0.111111 0.333333 0.288889 -0.261261 -1.000000 -1.000000 -1.000000 -1.000000 -1.000000
-0.152401 1.000000 -1.000000 -0.414286 1.000000 -0.111111 0.333333 0.288889 -0.261261 -1.000000 -1.000000 -1.000000 -1.000000 -1.000000
-0.152401 1.000000 -1.000000 -0.414286 1.000000 -0.111111 0.333333 0.288889 -0.261261 -1.000000 -1.000000 -1.000000 -1.000000 -1.000000
-0.155182 1.000000 -1.000000 -0.419043 1.000000 -0.111111 0.333333 0.288889 -0.261261 -1.000000 -1.000000 -1.000000 -1.000000 -1.000000
0.049411 1.000000 -1.000000 -0.061900 0.000000 0.555556 0.666667 -0.111111 -0.045045 -1.000000 -1.000000 -1.000000 -1.000000 -1.000000
-0.421016 -0.216670 -1.000000 -0.890481 0.666667 -0.555556 0.666667 1.000000 -0.045045 -1.000000 -1.000000 -1.000000 -1.000000 -1.000000
-0.696590 -1.000000 -1.000000 -1.000000 -0.333333 -0.555556 0.333333 0.733333 -0.045045 -1.000000 -1.000000 -1.000000 -1.000000 -1.000000
0.695198 1.000000 1.000000 1.000000 0.666667 -0.333333 0.333333 0.511111 -0.045045 -1.000000 -1.000000 -1.000000 -1.000000 -1.000000
0.661795 1.000000 0.633300 0.952386 0.666667 -0.283951 -0.592593 -0.422222 0.099099 -1.000000 -1.000000 -1.000000 1.000000 -1.000000
0.659015 1.000000 0.600000 0.947629 0.666667 -0.283951 -0.592593 -0.422222 0.099099 -1.000000 -1.000000 -1.000000 1.000000 -1.000000
0.650664 1.000000 0.500000 0.933343 0.666667 -0.283951 -0.592593 -0.422222 0.099099 -1.000000 -1.000000 -1.000000 1.000000 -1.000000
0.647875 1.000000 0.466600 0.928571 0.666667 -0.333333 -0.666667 -0.155556 -0.045045 -1.000000 -1.000000 -1.000000 -1.000000 -1.000000
0.654839 1.000000 0.550000 0.940486 0.666667 -0.283951 -0.592593 -0.422222 0.099099 -1.000000 -1.000000 -1.000000 1.000000 -1.000000
0.640919 1.000000 0.383300 0.916671 0.666667 -0.333333 -0.666667 -0.155556 -0.045045 -1.000000 -1.000000 -1.000000 -1.000000 -1.000000
0.626998 1.000000 0.216600 0.892857 0.666667 -0.333333 -0.666667 -0.155556 -0.045045 -1.000000 -1.000000 -1.000000 -1.000000 -1.000000
0.130129 1.000000 -1.000000 0.102371 0.333333 0.333333 -0.333333 -0.511111 -0.045045 -1.000000 -1.000000 -1.000000 -1.000000 -1.000000
0.375090 1.000000 -1.000000 0.471429 0.666667 0.555556 0.000000 -0.511111 -0.045045 -1.000000 -1.000000 -1.000000 -1.000000 -1.000000
0.373695 1.000000 -1.000000 0.469043 0.666667 0.555556 0.000000 -0.511111 -0.045045 -1.000000 -1.000000 -1.000000 -1.000000 -1.000000
0.434931 1.000000 -1.000000 0.600000 1.000000 0.333333 -0.333333 -0.511111 -0.045045 -1.000000 -1.000000 -1.000000 -1.000000 -1.000000
0.430756 1.000000 -1.000000 0.592857 1.000000 0.333333 -0.333333 -0.511111 -0.045045 -1.000000 -1.000000 -1.000000 -1.000000 -1.000000
0.430756 1.000000 -1.000000 0.592857 1.000000 0.333333 -0.333333 -0.511111 -0.045045 -1.000000 -1.000000 -1.000000 -1.000000 -1.000000
0.427975 1.000000 -1.000000 0.588100 1.000000 0.333333 -0.333333 -0.511111 -0.045045 -1.000000 -1.000000 -1.000000 -1.000000 -1.000000
0.582463 1.000000 0.100000 0.876186 0.666667 -1.000000 -0.333333 0.733333 -0.045045 -1.000000 1.000000 -1.000000 -1.000000 -1.000000
0.589420 1.000000 0.183300 0.888086 0.666667 -1.000000 -0.333333 0.733333 -0.045045 -1.000000 1.000000 -1.000000 -1.000000 -1.000000
1.000000 1.000000 1.000000 1.000000 1.000000 -0.555556 0.000000 0.511111 -0.045045 -1.000000 -1.000000 -1.000000 -1.000000 -1.000000
0.237303 1.000000 -1.000000 0.285714 0.666667 -0.111111 0.000000 0.066667 -0.045045 -1.000000 -1.000000 -1.000000 -1.000000 -1.000000
0.113428 1.000000 -1.000000 0.073800 0.666667 -0.333333 0.000000 0.288889 -0.045045 -1.000000 -1.000000 -1.000000 -1.000000 -1.000000
-0.067499 1.000000 -1.000000 -0.233329 0.666667 0.555556 0.333333 -0.333333 -0.045045 -1.000000 -1.000000 -1.000000 -1.000000 -1.000000
-0.002088 1.000000 -1.000000 -0.123814 0.333333 1.000000 0.333333 -0.644444 -0.045045 -1.000000 -1.000000 -1.000000 -1.000000 -1.000000
-0.004868 1.000000 -1.000000 -0.128571 0.333333 1.000000 0.333333 -0.644444 -0.045045 -1.000000 -1.000000 -1.000000 -1.000000 -1.000000
-0.004868 1.000000 -1.000000 -0.128571 0.333333 1.000000 0.333333 -0.644444 -0.045045 -1.000000 -1.000000 -1.000000 -1.000000 -1.000000
0.419624 1.000000 -1.000000 0.600000 0.333333 0.111111 0.333333 0.066667 -0.045045 -1.000000 -1.000000 -1.000000 -1.000000 -1.000000
0.787056 1.000000 1.000000 1.000000 0.000000 -0.777778 0.000000 0.733333 -0.261261 -1.000000 -1.000000 -1.000000 -1.000000 -1.000000
0.771749 1.000000 1.000000 1.000000 0.000000 -0.777778 0.000000 0.733333 -0.261261 -1.000000 -1.000000 -1.000000 -1.000000 -1.000000
0.188585 1.000000 -1.000000 0.200000 0.333333 0.777778 0.333333 -0.511111 -0.045045 -1.000000 -1.000000 -1.000000 -1.000000 -1.000000
0.189979 1.000000 -1.000000 0.202386 0.333333 1.000000 0.000000 -0.822222 -0.045045 -1.000000 -1.000000 -1.000000 -1.000000 -1.000000
-0.941545 -1.000000 -1.000000 -1.000000 0.333333 -0.333333 0.333333 0.511111 -0.045045 -1.000000 -1.000000 -1.000000 -1.000000 -1.000000
-0.941545 -1.000000 -1.000000 -1.000000 0.333333 -0.333333 0.333333 0.511111 -0.045045 -1.000000 -1.000000 -1.000000 -1.000000 -1.000000
-0.938761 -1.000000 -1.000000 -1.000000 0.333333 -0.333333 0.333333 0.511111 -0.045045 -1.000000 -1.000000 -1.000000 -1.000000 -1.000000
-0.942937 -1.000000 -1.000000 -1.000000 0.333333 -0.333333 0.333333 0.511111 -0.045045 -1.000000 -1.000000 -1.000000 -1.000000 -1.000000
0.947115 1.000000 1.000000 1.000000 0.333333 -0.333333 0.666667 0.733333 -0.045045 -1.000000 -1.000000 -1.000000 -1.000000 -1.000000
0.945720 1.000000 1.000000 1.000000 0.333333 -0.333333 0.666667 0.733333 -0.045045 -1.000000 -1.000000 -1.000000 -1.000000 -1.000000
0.188585 1.000000 -1.000000 0.200000 0.333333 0.777778 0.333333 -0.511111 -0.045045 -1.000000 -1.000000 -1.000000 -1.000000 -1.000000
0.189979 1.000000 -1.000000 0.202386 0.333333 1.000000 0.000000 -0.822222 -0.045045 -1.000000 -1.000000 -1.000000 -1.000000 -1.000000
-0.941545 -1.000000 -1.000000 -1.000000 0.333333 -0.333333 0.333333 0.511111 -0.045045 -1.000000 -1.000000 -1.000000 -1.000000 -1.000000
-0.941545 -1.000000 -1.000000 -1.000000 0.333333 -0.333333 0.333333 0.511111 -0.045045 -1.000000 -1.000000 -1.000000 -1.000000 -1.000000
-0.938761 -1.000000 -1.000000 -1.000000 0.333333 -0.333333 0.333333 0.511111 -0.045045 -1.000000 -1.000000 -1.000000 -1.000000 -1.000000
-0.942937 -1.000000 -1.000000 -1.000000 0.333333 -0.333333 0.333333 0.511111 -0.045045 -1.000000 -1.000000 -1.000000 -1.000000 -1.000000
0.947115 1.000000 1.000000 1.000000 0.333333 -0.333333 0.666667 0.733333 -0.045045 -1.000000 -1.000000 -1.000000 -1.000000 -1.000000
0.945720 1.000000 1.000000 1.000000 0.333333 -0.333333 0.666667 0.733333 -0.045045 -1.000000 -1.000000 -1.000000 -1.000000 -1.000000
0.287407 1.000000 -1.000000 0.338100 -0.333333 1.000000 0.000000 -0.822222 -0.045045 -1.000000 -1.000000 -1.000000 -1.000000 -1.000000
-0.432150 -0.133330 -1.000000 -0.888100 -0.666667 -0.333333 0.333333 0.511111 -0.045045 -1.000000 -1.000000 -1.000000 -1.000000 -1.000000
-0.434934 -0.166660 -1.000000 -0.892861 -0.666667 -0.333333 0.333333 0.511111 -0.045045 -1.000000 -1.000000 -1.000000 -1.000000 -1.000000
-0.408490 0.150000 -1.000000 -0.847624 -0.666667 -0.333333 0.333333 0.511111 -0.045045 -1.000000 -1.000000 -1.000000 -1.000000 -1.000000
-0.455810 -0.416660 -1.000000 -0.928576 -0.666667 -0.333333 0.333333 0.511111 -0.045045 -1.000000 -1.000000 -1.000000 -1.000000 -1.000000
0.955466 1.000000 1.000000 1.000000 0.333333 -0.333333 0.666667 0.733333 -0.045045 -1.000000 -1.000000 -1.000000 -1.000000 -1.000000
-0.216423 1.000000 -1.000000 -0.526196 0.000000 0.333333 0.666667 0.066667 -0.045045 -1.000000 -1.000000 -1.000000 -1.000000 -1.000000
-0.288796 1.000000 -1.000000 -0.652376 -0.333333 0.111111 0.666667 0.288889 -0.387387 -1.000000 -1.000000 -1.000000 -1.000000 -1.000000
0.670146 1.000000 0.800000 0.980957 -0.333333 -0.111111 0.333333 0.288889 -0.045045 -1.000000 -1.000000 -1.000000 -1.000000 -1.000000
-0.814892 -1.000000 -1.000000 -1.000000 -0.666667 -0.111111 0.333333 0.288889 -0.045045 -1.000000 -1.000000 -1.000000 -1.000000 -1.000000
0.611691 1.000000 0.100000 0.885714 -1.000000 0.333333 0.666667 0.066667 -0.045045 -1.000000 -1.000000 -0.500000 -1.000000 -1.000000
-0.877522 -1.000000 -1.000000 -1.000000 -1.000000 0.111111 0.666667 0.288889 -0.045045 -1.000000 -1.000000 -1.000000 -1.000000 -1.000000
0.622823 1.000000 0.300000 0.914286 -0.666667 -0.111111 0.666667 0.511111 -0.045045 -1.000000 -1.000000 -1.000000 -1.000000 -1.000000
0.841336 1.000000 1.000000 1.000000 -0.666667 -0.111111 0.333333 0.288889 -0.045045 -1.000000 -1.000000 -1.000000 -1.000000 -1.000000
0.628392 1.000000 0.366700 0.923814 -0.666667 -0.111111 0.666667 0.511111 -0.045045 -1.000000 -1.000000 -1.000000 -1.000000 -1.000000
0.624217 1.000000 0.350000 0.919043 -0.666667 0.111111 0.000000 -0.155556 -0.045045 -1.000000 -1.000000 -1.000000 -1.000000 -1.000000
0.533754 1.000000 -0.800000 0.754771 -0.333333 -0.111111 -0.333333 -0.155556 -0.045045 -1.000000 -1.000000 -1.000000 -1.000000 -1.000000
0.507307 1.000000 -1.000000 0.709529 -0.333333 -0.111111 -0.333333 -0.155556 -0.045045 -1.000000 -1.000000 -1.000000 -1.000000 -1.000000
-0.066113 1.000000 -1.000000 -0.283343 0.000000 0.555556 0.000000 -0.511111 -0.261261 -1.000000 -1.000000 -1.000000 -1.000000 -1.000000
0.263741 1.000000 -1.000000 0.321429 0.666667 0.555556 0.000000 -0.511111 -0.045045 -1.000000 -1.000000 -1.000000 -1.000000 -1.000000
0.455808 1.000000 -1.000000 0.592857 0.000000 0.777778 0.000000 -0.688889 -0.045045 -1.000000 -1.000000 -1.000000 -1.000000 -1.000000
-0.074463 1.000000 -1.000000 -0.254771 0.666667 -0.111111 0.000000 0.066667 -0.045045 -1.000000 -1.000000 -1.000000 -1.000000 -1.000000
0.739733 1.000000 1.000000 1.000000 0.333333 -0.111111 0.333333 0.288889 -0.045045 -1.000000 -1.000000 -1.000000 -1.000000 -1.000000
0.731382 1.000000 1.000000 1.000000 -1.000000 0.111111 0.666667 0.288889 -0.045045 -1.000000 -0.333333 -1.000000 -1.000000 -1.000000
0.632568 1.000000 0.450000 0.933329 -0.666667 0.333333 0.666667 0.066667 -0.045045 -1.000000 -1.000000 -1.000000 -1.000000 -1.000000
0.594990 1.000000 -0.016700 0.869043 -0.666667 0.111111 0.333333 0.066667 -0.045045 -1.000000 -1.000000 -1.000000 -1.000000 -1.000000
0.689628 1.000000 1.000000 1.000000 0.666667 -0.333333 -0.333333 0.066667 -0.045045 -1.000000 -1.000000 -1.000000 -1.000000 -1.000000
0.729996 1.000000 1.000000 1.000000 0.666667 -0.333333 -0.333333 0.066667 -0.045045 -1.000000 -1.000000 -1.000000 -1.000000 -1.000000
0.732777 1.000000 1.000000 1.000000 0.666667 -0.333333 -0.333333 0.066667 -0.045045 -1.000000 -1.000000 -1.000000 -1.000000 -1.000000
-0.419624 -0.183330 -1.000000 -0.888100 0.666667 -0.777778 0.000000 0.733333 -0.045045 -1.000000 -1.000000 -1.000000 -1.000000 -1.000000
0.638138 1.000000 0.466700 0.926200 1.000000 -0.333333 0.000000 0.288889 -0.045045 -1.000000 -1.000000 -1.000000 -1.000000 -1.000000
0.632568 1.000000 0.483300 0.930957 1.000000 -0.333333 -0.333333 0.066667 -0.045045 -1.000000 -1.000000 -1.000000 -1.000000 -1.000000
0.618647 1.000000 0.383300 0.914286 1.000000 -0.111111 0.000000 0.066667 -0.045045 -1.000000 -1.000000 -1.000000 -1.000000 -1.000000
0.621436 1.000000 0.416700 0.919057 1.000000 -0.111111 0.000000 0.066667 -0.045045 -1.000000 -1.000000 -1.000000 -1.000000 -1.000000
0.848292 1.000000 1.000000 1.000000 0.666667 -0.555556 0.000000 0.511111 -0.045045 -1.000000 -1.000000 -1.000000 -1.000000 -1.000000
0.853862 1.000000 1.000000 1.000000 0.666667 -0.555556 0.000000 0.511111 -0.045045 -1.000000 -1.000000 -1.000000 -1.000000 -1.000000
0.629787 1.000000 0.583400 0.947629 0.333333 -0.111111 0.000000 0.066667 -0.045045 -1.000000 -1.000000 -1.000000 -1.000000 -1.000000
0.601946 1.000000 0.350000 0.911900 0.666667 -0.111111 0.000000 0.066667 -0.045045 -1.000000 -1.000000 -0.500000 -1.000000 -1.000000
0.512877 1.000000 -0.716600 0.759529 0.333333 0.111111 0.000000 -0.155556 -0.045045 -1.000000 -1.000000 -0.500000 -1.000000 -1.000000
-0.540710 -1.000000 -1.000000 -1.000000 0.333333 -0.777778 0.000000 0.733333 -0.261261 -1.000000 -1.000000 -1.000000 -1.000000 -1.000000
0.109253 1.000000 -1.000000 0.066657 0.333333 -0.555556 0.333333 0.733333 -0.045045 -1.000000 -0.333333 -1.000000 -1.000000 -1.000000
0.564367 1.000000 -0.116700 0.845229 0.333333 -0.111111 0.000000 0.066667 -0.045045 -1.000000 -1.000000 -1.000000 -1.000000 -1.000000
0.596384 1.000000 0.266700 0.900000 0.333333 -0.333333 0.000000 0.288889 -0.045045 -1.000000 -1.000000 -1.000000 -1.000000 -1.000000
-0.643702 -1.000000 -1.000000 -1.000000 0.333333 -0.777778 0.000000 0.733333 -0.045045 -1.000000 -1.000000 -1.000000 -1.000000 -1.000000
0.256785 1.000000 -1.000000 0.316671 0.333333 -0.111111 0.666667 0.511111 -0.261261 -1.000000 1.000000 -0.500000 -1.000000 -1.000000
-0.942937 -1.000000 -1.000000 -1.000000 0.000000 -0.555556 0.000000 0.511111 -0.045045 -1.000000 -1.000000 -1.000000 -1.000000 -1.000000
-0.942937 -1.000000 -1.000000 -1.000000 0.000000 -0.555556 0.000000 0.511111 -0.045045 -1.000000 -1.000000 -1.000000 -1.000000 -1.000000
-0.944328 -1.000000 -1.000000 -1.000000 0.000000 -0.555556 0.000000 0.511111 -0.045045 -1.000000 -1.000000 -1.000000 -1.000000 -1.000000
0.947115 1.000000 1.000000 1.000000 0.000000 -0.333333 0.000000 0.288889 -0.045045 -1.000000 -1.000000 -1.000000 -1.000000 -1.000000
-0.945720 -1.000000 -1.000000 -1.000000 0.000000 -0.555556 0.000000 0.511111 -0.045045 -1.000000 -1.000000 -1.000000 -1.000000 -1.000000
0.937370 1.000000 1.000000 1.000000 0.000000 -0.333333 0.000000 0.288889 -0.045045 -1.000000 -1.000000 -1.000000 -1.000000 -1.000000
0.937370 1.000000 1.000000 1.000000 0.000000 -0.333333 0.000000 0.288889 -0.045045 -1.000000 -1.000000 -1.000000 -1.000000 -1.000000
0.935975 1.000000 1.000000 1.000000 0.000000 -0.333333 0.000000 0.288889 -0.045045 -1.000000 -1.000000 -1.000000 -1.000000 -1.000000
0.935975 1.000000 1.000000 1.000000 0.000000 -0.333333 0.000000 0.288889 -0.045045 -1.000000 -1.000000 -1.000000 -1.000000 -1.000000
0.935975 1.000000 1.000000 1.000000 0.000000 -0.333333 0.000000 0.288889 -0.045045 -1.000000 -1.000000 -1.000000 -1.000000 -1.000000
0.935975 1.000000 1.000000 1.000000 0.000000 -0.333333 0.000000 0.288889 -0.045045 -1.000000 -1.000000 -1.000000 -1.000000 -1.000000
0.935975 1.000000 1.000000 1.000000 0.000000 -0.333333 0.000000 0.288889 -0.045045 -1.000000 -1.000000 -1.000000 -1.000000 -1.000000
0.934589 1.000000 1.000000 1.000000 0.000000 -0.333333 0.000000 0.288889 -0.045045 -1.000000 -1.000000 -1.000000 -1.000000 -1.000000
0.935975 1.000000 1.000000 1.000000 0.000000 -0.333333 0.000000 0.288889 -0.045045 -1.000000 -1.000000 -1.000000 -1.000000 -1.000000
0.915098 1.000000 1.000000 1.000000 0.000000 -0.407407 0.148148 0.200000 0.459459 -1.000000 -1.000000 -1.000000 1.000000 -1.000000
0.916493 1.000000 1.000000 1.000000 0.000000 -0.407407 0.148148 0.200000 0.459459 -1.000000 -1.000000 -1.000000 1.000000 -1.000000
0.934589 1.000000 1.000000 1.000000 0.000000 -0.333333 0.000000 0.288889 -0.045045 -1.000000 -1.000000 -1.000000 -1.000000 -1.000000
0.915098 1.000000 1.000000 1.000000 0.000000 -0.407407 0.148148 0.200000 0.459459 -1.000000 -1.000000 -1.000000 1.000000 -1.000000
0.913712 1.000000 1.000000 1.000000 0.000000 -0.407407 0.148148 0.200000 0.459459 -1.000000 -1.000000 -1.000000 1.000000 -1.000000
0.912317 1.000000 1.000000 1.000000 0.000000 -0.407407 0.148148 0.200000 0.459459 -1.000000 -1.000000 -1.000000 1.000000 -1.000000
0.898397 1.000000 1.000000 1.000000 0.000000 -0.333333 0.000000 0.288889 -0.045045 -1.000000 -1.000000 -1.000000 -1.000000 -1.000000
0.912317 1.000000 1.000000 1.000000 0.000000 -0.407407 0.148148 0.200000 0.459459 -1.000000 -1.000000 -1.000000 1.000000 -1.000000
0.898397 1.000000 1.000000 1.000000 0.000000 -0.333333 0.000000 0.288889 -0.045045 -1.000000 -1.000000 -1.000000 -1.000000 -1.000000
0.894221 1.000000 1.000000 1.000000 0.000000 -0.333333 0.000000 0.288889 -0.045045 -1.000000 -1.000000 -1.000000 -1.000000 -1.000000
0.894221 1.000000 1.000000 1.000000 0.000000 -0.333333 0.000000 0.288889 -0.045045 -1.000000 -1.000000 -1.000000 -1.000000 -1.000000
0.891441 1.000000 1.000000 1.000000 0.000000 -0.333333 0.000000 0.288889 -0.045045 -1.000000 -1.000000 -1.000000 -1.000000 -1.000000
0.860818 1.000000 1.000000 1.000000 0.000000 -0.333333 0.000000 0.288889 -0.045045 -1.000000 -1.000000 -1.000000 -1.000000 -1.000000
0.856643 1.000000 1.000000 1.000000 0.000000 -0.333333 0.000000 0.288889 -0.045045 -1.000000 -1.000000 -1.000000 -1.000000 -1.000000
0.841336 1.000000 1.000000 1.000000 0.000000 -0.333333 0.000000 0.288889 -0.045045 -1.000000 -1.000000 -1.000000 -1.000000 -1.000000
0.824635 1.000000 1.000000 1.000000 0.000000 -0.333333 0.000000 0.288889 -0.045045 -1.000000 -1.000000 -1.000000 -1.000000 -1.000000
0.838555 1.000000 1.000000 1.000000 0.000000 -0.333333 0.000000 0.288889 -0.045045 -1.000000 -1.000000 -1.000000 -1.000000 -1.000000
0.824635 1.000000 1.000000 1.000000 0.000000 -0.333333 0.000000 0.288889 -0.045045 -1.000000 -1.000000 -1.000000 -1.000000 -1.000000
0.824635 1.000000 1.000000 1.000000 0.000000 -0.333333 0.000000 0.288889 -0.045045 -1.000000 -1.000000 -1.000000 -1.000000 -1.000000
0.821854 1.000000 1.000000 1.000000 0.000000 -0.333333 0.000000 0.288889 -0.045045 -1.000000 -1.000000 -1.000000 -1.000000 -1.000000
0.821854 1.000000 1.000000 1.000000 0.000000 -0.333333 0.000000 0.288889 -0.045045 -1.000000 -1.000000 -1.000000 -1.000000 -1.000000
0.820459 1.000000 1.000000 1.000000 0.000000 -0.333333 0.000000 0.288889 -0.045045 -1.000000 -1.000000 -1.000000 -1.000000 -1.000000
0.802363 1.000000 1.000000 1.000000 0.000000 -0.333333 0.000000 0.288889 -0.045045 -1.000000 -1.000000 -1.000000 -1.000000 -1.000000
0.820459 1.000000 1.000000 1.000000 0.000000 -0.333333 0.000000 0.288889 -0.045045 -1.000000 -1.000000 -1.000000 -1.000000 -1.000000
0.799582 1.000000 1.000000 1.000000 0.000000 -0.333333 0.000000 0.288889 -0.045045 -1.000000 -1.000000 -1.000000 -1.000000 -1.000000
0.802363 1.000000 1.000000 1.000000 0.000000 -0.333333 0.000000 0.288889 -0.045045 -1.000000 -1.000000 -1.000000 -1.000000 -1.000000
0.800977 1.000000 1.000000 1.000000 0.000000 -0.333333 0.000000 0.288889 -0.045045 -1.000000 -1.000000 -1.000000 -1.000000 -1.000000
0.796802 1.000000 1.000000 1.000000 0.000000 -0.333333 0.000000 0.288889 -0.045045 -1.000000 -1.000000 -1.000000 -1.000000 -1.000000
0.792626 1.000000 1.000000 1.000000 0.000000 -0.333333 0.000000 0.288889 -0.045045 -1.000000 -1.000000 -1.000000 -1.000000 -1.000000
0.792626 1.000000 1.000000 1.000000 0.000000 -0.333333 0.000000 0.288889 -0.045045 -1.000000 -1.000000 -1.000000 -1.000000 -1.000000
0.768960 1.000000 1.000000 1.000000 0.000000 -0.333333 0.000000 0.288889 -0.045045 -1.000000 -1.000000 -1.000000 -1.000000 -1.000000
0.767574 1.000000 1.000000 1.000000 0.000000 -0.333333 0.000000 0.288889 -0.045045 -1.000000 -1.000000 -1.000000 -1.000000 -1.000000
0.767574 1.000000 1.000000 1.000000 0.000000 -0.333333 0.000000 0.288889 -0.045045 -1.000000 -1.000000 -1.000000 -1.000000 -1.000000
0.766180 1.000000 1.000000 1.000000 0.000000 -0.333333 0.000000 0.288889 -0.045045 -1.000000 -1.000000 -1.000000 -1.000000 -1.000000
0.763399 1.000000 1.000000 1.000000 0.000000 -0.333333 0.000000 0.288889 -0.045045 -1.000000 -1.000000 -1.000000 -1.000000 -1.000000
0.756434 1.000000 1.000000 1.000000 0.000000 -0.333333 0.000000 0.288889 -0.045045 -1.000000 -1.000000 -1.000000 -1.000000 -1.000000
0.755048 1.000000 1.000000 1.000000 0.000000 -0.333333 0.000000 0.288889 -0.045045 -1.000000 -1.000000 -1.000000 -1.000000 -1.000000
0.750873 1.000000 1.000000 1.000000 0.000000 -0.333333 0.000000 0.288889 -0.045045 -1.000000 -1.000000 -1.000000 -1.000000 -1.000000
0.748084 1.000000 1.000000 1.000000 0.000000 -0.333333 0.000000 0.288889 -0.045045 -1.000000 -1.000000 -1.000000 -1.000000 -1.000000
0.401528 1.000000 -1.000000 0.514286 -0.333333 0.555556 0.333333 -0.333333 -0.045045 -1.000000 -1.000000 -1.000000 -1.000000 -1.000000
0.738347 1.000000 1.000000 1.000000 -0.666667 -0.333333 0.333333 0.511111 -0.045045 -1.000000 -1.000000 -1.000000 -1.000000 -1.000000
0.071674 1.000000 -1.000000 -0.045243 -0.666667 0.333333 0.333333 -0.155556 -0.045045 -1.000000 -1.000000 -0.500000 -1.000000 -1.000000
0.073069 1.000000 -1.000000 -0.042857 -0.666667 0.333333 0.333333 -0.155556 -0.045045 -1.000000 -1.000000 -0.500000 -1.000000 -1.000000
0.074463 1.000000 -1.000000 -0.040471 -0.666667 0.333333 0.333333 -0.155556 -0.045045 -1.000000 -1.000000 -0.500000 -1.000000 -1.000000
0.640919 1.000000 0.450000 0.935714 -1.000000 0.333333 0.000000 -0.333333 -0.045045 -1.000000 -1.000000 -1.000000 -1.000000 -1.000000
0.524008 1.000000 -0.966700 0.728571 0.000000 0.333333 0.000000 -0.333333 -0.045045 -1.000000 -1.000000 -1.000000 -1.000000 -1.000000
0.054973 1.000000 -1.000000 -0.078571 0.000000 0.555556 0.000000 -0.511111 -0.045045 -1.000000 -1.000000 -0.500000 -1.000000 -1.000000
0.014614 1.000000 -1.000000 -0.147614 0.000000 0.555556 0.333333 -0.333333 -0.045045 -1.000000 -1.000000 -1.000000 -1.000000 -1.000000
0.006263 1.000000 -1.000000 -0.161900 0.000000 0.555556 0.333333 -0.333333 -0.045045 -1.000000 -1.000000 -1.000000 -1.000000 -1.000000
0.031315 1.000000 -1.000000 -0.119043 0.000000 0.555556 0.000000 -0.511111 -0.045045 -1.000000 -1.000000 -0.500000 -1.000000 -1.000000
0.007658 1.000000 -1.000000 -0.159514 0.000000 0.555556 0.333333 -0.333333 -0.045045 -1.000000 -1.000000 -1.000000 -1.000000 -1.000000
0.006263 1.000000 -1.000000 -0.161900 0.000000 0.555556 0.333333 -0.333333 -0.045045 -1.000000 -1.000000 -1.000000 -1.000000 -1.000000
0.029921 1.000000 -1.000000 -0.121429 0.000000 0.555556 0.000000 -0.511111 -0.045045 -1.000000 -1.000000 -0.500000 -1.000000 -1.000000
0.903967 1.000000 1.000000 1.000000 0.333333 -0.654321 -0.222222 0.200000 1.000000 -1.000000 -1.000000 -0.500000 -1.000000 -1.000000
0.633962 1.000000 0.216700 0.892857 0.333333 -0.333333 -0.333333 0.066667 -0.045045 -1.000000 -1.000000 -1.000000 -1.000000 -1.000000
-0.906750 -1.000000 -1.000000 -1.000000 0.666667 -0.777778 0.000000 0.733333 -0.045045 -1.000000 -1.000000 -1.000000 -1.000000 -1.000000
-0.905359 -1.000000 -1.000000 -1.000000 0.666667 -0.777778 0.000000 0.733333 -0.045045 -1.000000 -1.000000 -1.000000 -1.000000 -1.000000
-0.735560 -1.000000 -1.000000 -1.000000 0.666667 -0.333333 0.000000 0.288889 -0.045045 -1.000000 -1.000000 -1.000000 -1.000000 -1.000000
-0.742519 -1.000000 -1.000000 -1.000000 0.666667 -0.333333 0.000000 0.288889 -0.045045 -1.000000 -1.000000 -1.000000 -1.000000 -1.000000
0.320810 1.000000 -1.000000 0.416671 1.000000 0.555556 -1.000000 -1.000000 -0.045045 -1.000000 -1.000000 -1.000000 -1.000000 -1.000000
0.319415 1.000000 -1.000000 0.414286 1.000000 0.555556 -1.000000 -1.000000 -0.045045 -1.000000 -1.000000 -1.000000 -1.000000 -1.000000
0.721645 1.000000 1.000000 1.000000 0.666667 -0.777778 0.333333 1.000000 -0.045045 -1.000000 -1.000000 -1.000000 -1.000000 -1.000000
-0.309673 0.983340 -1.000000 -0.721433 0.333333 -0.333333 0.333333 0.511111 -0.045045 -1.000000 -1.000000 -1.000000 -1.000000 -1.000000
0.080025 1.000000 -1.000000 -0.004771 0.000000 0.555556 0.666667 -0.111111 -0.045045 -1.000000 -1.000000 -1.000000 -1.000000 -1.000000
0.080025 1.000000 -1.000000 -0.004771 0.000000 0.555556 0.666667 -0.111111 -0.045045 -1.000000 -1.000000 -1.000000 -1.000000 -1.000000
0.078639 1.000000 -1.000000 -0.007143 0.000000 0.555556 0.666667 -0.111111 -0.045045 -1.000000 -1.000000 -1.000000 -1.000000 -1.000000
0.077244 1.000000 -1.000000 -0.009529 0.000000 0.555556 0.666667 -0.111111 -0.045045 -1.000000 -1.000000 -1.000000 -1.000000 -1.000000
0.908142 1.000000 1.000000 1.000000 0.000000 -0.333333 0.000000 0.288889 -0.045045 -1.000000 -1.000000 -1.000000 -1.000000 -1.000000
0.908142 1.000000 1.000000 1.000000 0.000000 -0.333333 0.000000 0.288889 -0.045045 -1.000000 -1.000000 -1.000000 -1.000000 -1.000000
0.910923 1.000000 1.000000 1.000000 0.000000 -0.333333 0.000000 0.288889 -0.045045 -1.000000 -1.000000 -1.000000 -1.000000 -1.000000
0.906747 1.000000 1.000000 1.000000 0.000000 -0.333333 0.000000 0.288889 -0.045045 -1.000000 -1.000000 -1.000000 -1.000000 -1.000000
0.903967 1.000000 1.000000 1.000000 0.000000 -0.333333 0.000000 0.288889 -0.045045 -1.000000 -1.000000 -1.000000 -1.000000 -1.000000
0.903967 1.000000 1.000000 1.000000 0.000000 -0.333333 0.000000 0.288889 -0.045045 -1.000000 -1.000000 -1.000000 -1.000000 -1.000000
0.064718 1.000000 -1.000000 -0.016671 0.666667 0.555556 0.666667 -0.111111 -0.045045 -1.000000 -1.000000 -0.500000 -1.000000 -1.000000
0.057762 1.000000 -1.000000 -0.028571 0.666667 0.555556 0.333333 -0.333333 -0.045045 -1.000000 -1.000000 -1.000000 -1.000000 -1.000000
0.057762 1.000000 -1.000000 -0.028571 0.666667 0.555556 0.333333 -0.333333 -0.045045 -1.000000 -1.000000 -1.000000 -1.000000 -1.000000
0.056367 1.000000 -1.000000 -0.030957 0.666667 0.555556 0.333333 -0.333333 -0.045045 -1.000000 -1.000000 -1.000000 -1.000000 -1.000000
0.059148 1.000000 -1.000000 -0.026200 0.666667 0.555556 0.333333 -0.333333 -0.045045 -1.000000 -1.000000 -1.000000 -1.000000 -1.000000
0.063324 1.000000 -1.000000 -0.019057 0.666667 0.555556 0.333333 -0.333333 -0.045045 -1.000000 -1.000000 -1.000000 -1.000000 -1.000000
0.057762 1.000000 -1.000000 -0.028571 0.666667 0.555556 0.333333 -0.333333 -0.045045 -1.000000 -1.000000 -1.000000 -1.000000 -1.000000
0.054973 1.000000 -1.000000 -0.033343 0.666667 0.555556 0.333333 -0.333333 -0.045045 -1.000000 -1.000000 -1.000000 -1.000000 -1.000000
0.807933 1.000000 1.000000 1.000000 0.333333 0.111111 0.333333 0.066667 -0.045045 -1.000000 -1.000000 -1.000000 -1.000000 -1.000000
0.685453 1.000000 1.000000 1.000000 0.333333 -0.333333 0.333333 0.511111 -0.045045 -1.000000 -1.000000 -1.000000 -1.000000 -1.000000
-0.807933 -1.000000 -1.000000 -1.000000 0.666667 -0.555556 0.333333 0.733333 -0.045045 -1.000000 -1.000000 -1.000000 -1.000000 -1.000000
0.373695 1.000000 -1.000000 0.509529 0.333333 0.777778 0.000000 -0.688889 -0.387387 -1.000000 -1.000000 -1.000000 -1.000000 -1.000000
0.436326 1.000000 -1.000000 0.578571 -0.333333 0.333333 0.333333 -0.155556 -0.045045 -1.000000 -1.000000 -1.000000 -1.000000 -1.000000
0.731382 1.000000 1.000000 1.000000 -0.333333 0.111111 0.666667 0.288889 -0.045045 -1.000000 -1.000000 -1.000000 -1.000000 -1.000000
0.334722 1.000000 -1.000000 0.442857 0.333333 -0.555556 0.000000 0.511111 -0.495495 -1.000000 0.333333 -1.000000 -1.000000 -1.000000
