191.406250
200.000000
46.564032
2.979682
1494.111030
2334.548485
191.406250
200.000000
46.564032
20.695125
6.400000
4.900000
6.185031
60.500000
8.870245
39.126721
0.625000
1370.714732
183.621776
989.605020
7.820301
15.655861
3.181640
2887.851126
12216.957836
1.600000
26.256279
12.100000
3.025000
5.543903
216.851354
618.503138
309.251569
512.000000
0.500000
3.025000
3.025000
1854.990904
3166.736065
3.200000
1250.000000
4225.000000
2640.625000
1890.625000
1512.500000
2560.000000
2.555343
64.800000
2338.714990
16.114192
0.992250
2300.440927
144.134986
2.576639
1867.638788
3.514636
5.834740
1.242830
1558.937159
1.242830
1558.937159
1008.200000
220.729723
13.109040
11.476361
2337.514265
9.693242
392.000000
2025.000000
618.503138
1568.000000
1546.257845
11.830299
3125.000000
2.932612
3.620508
5120.000000
242.453230
1.600000
3325.831254
3240.000000
2000.000000
1.252469
4.817188
1.252469
5.508664
3.407126
2895.634871
2.932612
2.531250
314.486988
1568.000000
1600.000000
2560.000000
4000.000000
3200.000000
3200.000000
2500.000000
272.505831
163.673815
261.878104
4.225000
163.673815
261.878104
136.252916
344.890193
163.673815
176.583779
177.279421
176.583779
220.729723
654.695260
344.890193
409.184537
275.912154
163.673815
163.673815
460.534855
441.459447
204.592269
3.014359
1.716778
2.474013
2.058214
1.273012
13.878487
4.116428
3.430356
8.232855
2.058214
9.652116
13.378386
1.716778
1.716778
20.582138
2.572767
15.625000
2500.000000
2000.000000
119.966467
793.800000
1260.250000
2.788761
9.372380
3240.000000
1260.250000
6.400000
123.700628
123.700628
154.625784
12.100000
5.623425
1.499581
1289.061598
4.791271
4000.000000
4000.000000
74.979042
4000.000000
3741.943984
3741.943984
2025.000000
1.533207
2.699077
0.316894
0.316894
4.225000
116.144078
4.157931
2531.250000
2090.540606
3.548098
3.548098
7.658482
6.873315
1979.210041
2390.913322
44.905615
1979.210041
964.207524
599.832334
599.832334
3.068549
2416.027882
862.522249
2334.548485
7563.937091
3.658539
303.066538
969.812920
387.925168
8000.000000
6250.000000
1225.000000
40.624988
9.274955
1.870972
11.593693
195.891122
1.870972
1.870972
1.870972
6760.000000
4840.000000
4840.000000
4840.000000
4.900000
2.555343
373.527758
812.656328
597.644412
732.114405
1143.928758
3.025000
410.098500
1870.971992
784.000000
4628.808191
3060.369052
1530.184526
6.185031
0.992250
571.566395
3.025000
7.945823
1.870972
2.000000
2.500000
1.600000
856.696707
3092.515689
5.062500
3.277260
6400.000000
4.050000
4.050000
4900.000000
1164.100804
54.824104
197.382921
135.077214
148.176404
187.097199
1.801768
473.211965
739.393696
4637.477260
6057.113156
117.600047
741.996362
2.979682
5.000000
289.000000
800.000000
544.500000
1679.125546
2895.569668
268.246486
6782.330901
516.270882
4.817570
3.478106
3529.071624
0.974336
1.757813
2.979682
26.950900
1.725781
2.802893
2.812500
1.444000
2.156072
3.234106
3.645000
2.979682
16.000000
3.347194
3.030665
1512.500000
907.498185
1.252469
784.000000
618.503138
618.503138
1956.982584
4000.000000
320.000000
3.025000
800.000000
3.025000
415.999875
29.400029
18.184010
10.940138
25.186908
15.578182
312.500000
39.200000
39.200000
992.250000
8791.135082
13892.164081
6946.082040
54.266266
48.415995
96.516196
58.577376
1.374914
827.921253
791.684016
3912.672147
119.999760
153.125000
1.886616
2564.568872
3741.943984
3205.711090
169.805307
490.967791
1001.975083
25.049377
9.025000
5.857738
3.616256
6.326357
5.857738
2504.110174
2628.125000
1499.580835
969.812920
980.000000
1960.000000
5.009875
10.000000
10.000000
10.000000
10.000000
10.000000
10.000000
8.206833
3.282733
38.790111
6.400000
7731.289223
2.929009
2.929009
2.114635
5.527792
3.990860
4.686190
26.719322
22.952791
3.514636
494.802510
3.636791
2.424532
0.606133
0.606133
1.212266
359.845221
3.030665
5.226352
7758.503361
1238.267117
6.400000
36.367912
6185.031378
1.225000
2.751429
63.558082
2334.548485
49.000000
3.958420
1.252469
4.225000
2.504938
732.114405
2.552083
363.941438
415.850562
225.613369
568.658497
369.644944
363.941438
363.941438
44.064237
79.447603
47.668610
779.468579
2.000000
1.600000
0.989605
3.542636
3.025000
1.600000
8.000000
6.400000
15.125000
4.000000
8.000000
10.666667
8.000000
16.000000
2.000000
4.000000
2.666667
10.666667
3.028557
0.879945
2287.857515
2942.114728
3735.277576
915.143006
1143.928758
1464.228810
1464.228810
2316.455734
1830.286012
1240.312500
3200.000000
4040.643514
0.784000
4.677430
1.870972
5.846787
5.846787
2.338715
9.354860
23.387150
1709.043442
2003.950166
1237.006276
3647.732008
1494.111030
747.055515
1494.111030
0.583637
1.459093
3735.277576
2500.000000
6400.000000
1867.638788
3117.874318
3117.874318
2003.950166
1477.331463
6.185031
3.788332
6197.247330
1157.202048
1.537938
0.946424
1.774544
1.774544
6.309493
6.309493
6197.247330
1157.202048
1.537938
0.946424
1.774544
1.774544
6.309493
6.309493
627.200000
1.578472
4.709936
61.850314
0.400000
0.989605
2942.114728
500.000000
3.373423
0.989605
3.958420
929.091515
4.900000
3.030665
4.900000
1.638630
292.683085
3958.420082
95.068042
1.224148
3741.943984
1113.305648
0.625000
8.100000
311.787432
303.066538
2.424532
4.014644
4.014644
1.870972
2.761841
16.586460
2.127357
0.700962
1254.400000
1568.000000
0.618503
3.025000
490.967791
8.564057
786.499764
187.447604
4.726562
6.400000
632.812500
6.195540
19.663580
11.384482
47.674843
5.430768
21.288545
55.649616
59.865808
23.353014
77.081004
44.627036
37.757309
59.865808
89.974670
11.112822
59.865808
31.721072
8.911693
77.081004
51.286840
27.601962
31.721072
21.288545
40.842881
51.286840
89.974670
59.983233
31.913837
51.286840
29.487040
21.288545
89.974670
21.288545
21.288545
25.261450
31.721072
64.958363
55.649616
89.974670
59.865808
55.649616
29.487040
8.716244
13.917569
89.974670
37.757309
21.288545
51.286840
29.288688
4.933892
10.016991
13.917569
17.573230
3785.695723
7.483888
2238.699067
2238.699067
2798.373834
0.466256
705.600000
3741.943984
6061.330750
9698.129200
5987.110374
4849.064600
7576.663438
9354.859959
5.041667
144.000000
565.147436
1330.725804
1254.400000
1000.000000
2504.937708
5009.875416
5.295090
0.306250
1477.331463
1181.865170
1751.640910
1401.312728
457.571503
457.571503
366.057202
446.847171
571.964379
457.571503
2508.800000
3136.000000
1960.000000
3150.625000
1960.000000
1960.000000
3920.000000
3136.000000
0.890909
0.816667
163.977104
1293.445338
1159.832620
4.032780
2560.000000
