12.299494
6.172061
12.307767
14.643856
3.555815
4.614710
9.258566
11.258566
2.695994
15.580494
14.299494
5.614710
10.643856
9.965784
4.970854
11.632632
12.965784
13.299494
4.181897
3.521602
13.305634
11.936638
8.648926
11.609640
3.555815
11.339850
12.965784
6.036175
7.017922
13.471676
13.965784
13.983706
3.374066
12.609640
7.877746
5.643856
11.230321
4.321928
12.643856
4.555813
13.977566
2.906890
13.760885
12.977566
14.299494
5.970854
11.643856
14.299494
3.877744
4.339850
15.643856
9.902422
14.173130
7.877746
12.643856
3.555815
11.614710
15.287712
11.579086
12.977566
5.918863
5.942608
6.954560
5.877741
6.555818
13.936638
3.906892
13.873276
4.970854
4.736966
14.965784
9.655638
2.700439
7.344295
15.258566
11.661778
3.970854
8.292782
14.977566
10.292782
13.562719
14.321928
