14.014354
4.161028
11.955734
14.953603
3.534525
3.962063
7.365585
10.714618
3.450854
15.155062
13.491969
8.733769
10.165155
10.389911
11.079698
11.351300
14.892348
12.517914
6.101220
3.316060
14.255209
11.324369
9.333294
8.513784
4.141985
9.731755
8.349074
5.791281
4.015609
11.542617
13.008050
8.697198
4.161028
12.826430
8.104906
11.178329
11.202129
4.765006
11.897783
3.871986
12.677752
3.501027
12.512589
11.839848
13.463966
6.115394
15.315485
13.520331
3.582945
9.305371
14.916910
3.962993
9.410476
8.277497
12.526378
3.534525
9.797359
13.093442
12.076173
11.840169
7.286799
4.161028
13.775278
11.199936
8.695219
14.138845
5.074591
14.294222
9.255157
4.548836
14.299364
8.761976
3.463510
3.610392
14.299822
12.578831
4.994251
8.740463
14.905325
9.459058
14.255522
14.146167
