0.517126
0.154646
0.32968
0.0694691
0.44678
0.29672
0.59828
0.366186
0.302324
0.517126
0.154646
0.32968
0.0694691
0.999737
0.091536
0.0842391
0.999028
0.999012
0.97311
0.997561
0.99578
0.134112
0.262139
0.0544609
0.0768837
0.091536
0.0694691
0.0694691
0.0694691
0.147856
0.061995
0.0544609
0.0544609
0.0468662
0.0544609
0.0544609
0.061995
0.0468662
0.0544609
0.0544609
0.061995
0.0544609
0.0544609
0.0544609
0.0544609
0.0544609
0.0544609
0.0468662
0.0544609
0.0544609
0.0544609
0.0468662
0.061995
0.0544609
0.061995
0.0544609
0.0544609
0.0544609
0.174693
0.141012
0.962522
0.00796809
0.00796809
0.00796809
0.238146
0.194265
0.134112
0.200685
0.091536
0.0987747
0.0468662
0.091536
0.134112
0.091536
0.21964
0.147856
0.00796809
0.00796809
0.00796809
0.491352
0.11308
0.061995
0.0392106
0.0768837
0.0392106
0.061995
0.350791
0.120147
0.11308
0.495405
0.168064
0.794025
0.061995
0.0158727
0.0
0.00796809
0.963702
0.0158727
0.0158727
0.769614
0.595053
0.564822
0.0237143
0.437858
0.120147
0.141012
0.120147
0.11308
0.279637
0.127157
0.161382
0.120147
0.468472
0.061995
0.238146
0.0842391
0.11308
0.0314934
0.207054
0.559568
0.225858
0.213372
0.238146
0.091536
0.091536
0.127157
0.141012
0.244216
0.200685
0.194265
0.667129
0.0392106
0.0392106
0.0544609
0.0392106
0.0392106
0.0392106
0.061995
0.0314934
0.0392106
0.0392106
0.061995
0.0314934
0.0314934
0.0392106
0.0544609
0.061995
0.0314934
0.428791
0.0987747
0.0314934
0.0544609
0.174693
0.442337
0.324296
0.0842391
0.355964
0.313398
0.238146
0.262139
0.509338
0.207054
0.168064
0.161382
0.519054
0.105956
0.127157
0.147856
0.0392106
0.0314934
0.0314934
0.0314934
0.948181
0.539757
0.238146
0.232026
0.324296
0.0842391
0.693948
0.571729
0.585217
0.168064
0.405479
0.0158727
0.0237143
0.0468662
0.0314934
0.0237143
0.0237143
0.0237143
0.0237143
0.0314934
0.570013
0.366186
0.250238
0.181269
0.232026
0.00796809
0.617107
0.588522
0.0768837
0.00796809
0.617107
0.588522
0.0768837
0.603072
0.547062
0.931711
0.932525
0.0768837
0.607807
0.0768837
0.632121
0.505397
0.0468662
0.0392106
0.061995
0.061995
0.091536
0.168064
0.877544
0.154646
0.273851
0.687765
0.0842391
0.238146
0.812129
0.0842391
0.0694691
0.428791
0.11308
0.134112
0.459899
0.147856
0.161382
0.0158727
0.0
0.532334
0.0468662
0.578527
0.0314934
0.0314934
0.0314934
0.0314934
0.0314934
0.0314934
0.091536
0.0237143
0.0392106
0.680181
0.0392106
0.061995
0.0544609
0.32968
0.207054
0.147856
0.853978
0.376246
0.0842391
0.0987747
0.127157
0.238146
0.11308
0.998365
0.0842391
0.537912
0.474813
0.0468662
0.983885
0.864122
0.891391
0.0314934
0.0158727
0.0694691
0.154646
0.154646
0.0987747
0.00796809
0.127157
0.120147
0.279637
0.154646
0.0987747
0.120147
0.324296
0.53606
0.550671
0.520974
0.0987747
0.11308
0.11308
0.194265
0.250238
0.0987747
0.225858
0.823776
0.061995
0.0544609
0.0392106
0.0237143
0.0392106
0.0158727
0.0237143
0.0237143
0.0314934
0.0237143
0.0237143
0.0314934
0.0237143
0.0158727
0.0237143
0.0314934
0.0237143
0.0237143
0.0314934
0.0237143
0.0544609
0.0237143
0.174693
0.11308
0.0987747
0.091536
0.0468662
0.105956
0.0842391
0.0987747
0.091536
0.0544609
0.0544609
0.061995
0.0842391
0.091536
0.061995
0.105956
0.910364
0.773271
0.0237143
0.061995
0.0392106
0.493383
0.181269
0.313398
0.291071
0.238146
0.147856
0.0768837
0.11308
0.168064
0.29672
0.32968
0.0987747
0.930331
0.647956
0.0987747
0.801308
0.0842391
0.091536
0.910722
0.794847
0.489314
0.302324
0.941105
0.654927
0.653544
0.791538
0.822361
0.878032
0.804462
0.860264
0.781288
0.936455
0.918894
0.657677
0.802891
0.957912
0.428791
0.937463
0.0842391
0.595053
0.381217
0.168064
0.376246
0.853393
0.442337
0.747413
0.428791
0.302324
0.886505
0.67632
0.485212
0.698806
0.455561
0.355964
0.783031
0.779531
0.476909
0.505397
0.639405
0.0392106
0.391038
0.925429
0.0314934
0.120147
0.194265
0.181269
0.127157
0.141012
0.134112
0.0768837
0.11308
0.134112
0.061995
0.0237143
0.0314934
0.0
0.00796809
0.505397
0.381217
0.947556
0.914906
0.996874
0.29672
0.250238
0.262139
1.0
0.82518
0.061995
0.061995
0.061995
0.999062
0.93333
0.917256
0.350791
0.950412
0.873055
0.818046
0.852215
0.386147
0.232026
0.187793
0.154646
0.812129
0.893115
0.437858
0.487267
0.0237143
0.11308
0.0158727
0.0468662
0.0544609
0.168064
0.999638
0.0987747
0.0768837
0.0694691
0.386147
0.313398
0.00796809
0.0237143
0.0
0.0
0.63796
0.0237143
0.575142
0.0768837
0.81062
0.161382
0.0544609
0.174693
0.161382
0.181269
0.061995
0.168064
0.977629
0.0468662
0.0
0.0
0.0237143
0.091536
0.0158727
0.091536
0.0987747
0.433342
0.0987747
0.174693
0.120147
0.0842391
0.194265
0.105956
0.0392106
0.0158727
0.00796809
0.00796809
0.105956
0.061995
0.061995
0.091536
0.244216
0.291071
0.0544609
0.250238
0.0
0.499426
0.0237143
0.0
0.0314934
0.0392106
0.0237143
0.091536
0.091536
0.091536
0.091536
0.091536
0.0768837
0.0842391
0.061995
0.0987747
0.0768837
0.091536
0.0768837
0.0694691
0.091536
0.154646
0.091536
0.091536
0.0842391
0.091536
0.0842391
0.0842391
0.091536
0.0987747
0.0694691
0.0544609
0.442337
0.361095
0.686514
0.472708
0.250238
0.0694691
0.381217
0.355964
0.161382
0.0842391
0.134112
0.120147
0.213372
0.213372
0.0
0.601481
0.770534
0.532334
0.520974
0.532334
0.626187
0.543424
0.581886
0.00796809
0.0
0.0
0.0
0.746401
0.0842391
0.414916
0.639405
0.0
0.194265
0.262139
0.94296
0.84741
0.302324
0.708291
0.11308
0.474813
0.0392106
0.0392106
0.0237143
0.0544609
0.238146
0.232026
0.250238
0.181269
0.268018
0.519054
0.181269
0.187793
0.21964
0.291071
0.391038
0.187793
0.161382
0.181269
0.200685
0.545247
0.105956
0.091536
0.091536
0.0842391
0.0768837
0.232026
0.0
0.00796809
0.0237143
0.0158727
0.0158727
0.00796809
0.256213
0.238146
0.21964
0.225858
0.273851
0.962821
0.974574
0.830007
0.0158727
0.414916
0.725279
0.11308
0.335021
0.225858
0.127157
0.291071
0.0468662
0.984763
0.0237143
0.0314934
0.381217
0.11308
0.127157
0.0392106
0.992642
0.061995
0.0768837
0.0237143
0.0
0.0
0.0
0.127157
0.0842391
0.0768837
0.061995
0.0768837
0.0694691
0.0544609
0.0544609
0.00796809
0.0
0.0
0.0
0.0
0.00796809
0.0
0.0
0.0237143
0.268018
0.262139
0.371236
0.424203
0.262139
0.410217
0.285377
0.262139
0.366186
0.200685
0.981537
0.0392106
0.0544609
0.0392106
0.0314934
0.0314934
0.0237143
0.0392106
0.0237143
0.0842391
0.0314934
0.0314934
0.493383
0.986859
0.0
0.0
0.0
0.0
0.0
0.0
0.0
0.0
0.174693
0.770534
0.777761
0.105956
0.200685
0.0987747
0.0987747
0.187793
0.541594
0.161382
0.200685
0.200685
0.256213
0.89008
0.997748
0.00796809
0.0237143
0.0694691
0.0237143
0.0237143
0.532334
0.513248
0.947345
0.313398
0.983427
0.324296
0.11308
0.0768837
0.883749
0.091536
0.250238
0.181269
0.262139
0.324296
0.0237143
0.32968
0.091536
0.0694691
0.0842391
0.0
0.0
0.0
0.0
0.0
0.0
0.0
0.0
0.0
0.0
0.174693
0.0768837
0.0694691
0.0237143
0.0314934
0.0237143
0.0392106
0.0314934
0.0237143
0.0392106
0.0237143
0.0468662
0.0544609
0.0694691
0.0392106
0.0237143
0.0468662
0.0694691
0.0392106
0.0237143
0.0392106
0.0314934
0.0314934
0.061995
0.0468662
0.0314934
0.0468662
0.703587
0.0314934
0.0314934
0.0314934
0.0468662
0.0468662
0.0544609
0.0468662
0.0468662
0.0468662
0.0468662
0.0468662
0.0468662
0.147856
0.499426
0.0544609
0.557803
0.0314934
0.0468662
0.0544609
0.0468662
0.897306
0.557803
0.44678
0.509338
0.0314934
0.00796809
0.194265
0.0392106
0.091536
0.318869
0.0392106
0.0768837
0.0314934
0.0237143
0.0314934
0.0468662
0.279637
0.448989
0.421895
0.0768837
0.0544609
0.747413
0.94296
0.935944
0.989908
0.147856
0.168064
0.361095
0.345576
0.879487
0.0314934
0.00796809
0.0
0.0
0.917915
0.0158727
0.0237143
0.0694691
0.0314934
0.0544609
0.0468662
0.061995
0.0468662
0.061995
0.0768837
0.061995
0.061995
0.061995
0.0468662
0.0842391
0.0694691
0.0468662
0.0694691
0.0768837
0.0694691
0.0544609
0.061995
0.0392106
0.061995
0.0694691
0.061995
0.061995
0.0768837
0.0694691
0.0842391
0.061995
0.994166
0.907078
0.187793
0.732865
0.302324
0.324296
0.509338
0.350791
0.285377
0.34032
0.599884
0.244216
0.238146
0.524791
0.141012
0.424203
0.361095
0.154646
0.194265
0.0842391
0.0768837
0.00796809
0.00796809
0.993952
0.980159
0.0392106
0.0158727
0.0468662
0.82448
0.168064
0.0314934
0.0842391
0.120147
0.804462
0.741278
0.0158727
0.232026
0.0694691
0.0694691
0.0392106
0.620158
0.187793
0.561327
0.207054
0.571729
0.21964
0.578527
0.640845
0.225858
0.161382
0.0392106
0.105956
0.120147
0.451188
0.376246
0.386147
0.433342
0.395891
0.361095
0.0987747
0.105956
0.091536
0.59667
0.0987747
0.0768837
0.0694691
0.0842391
0.345576
0.127157
0.161382
0.11308
0.120147
0.105956
0.141012
0.168064
0.120147
0.141012
0.11308
0.11308
0.168064
0.127157
0.244216
0.250238
0.134112
0.207054
0.213372
0.0842391
0.0987747
0.141012
0.091536
0.091536
0.105956
0.11308
0.0987747
0.120147
0.147856
0.127157
0.11308
0.11308
0.120147
0.0842391
0.0768837
0.0987747
0.0768837
0.120147
0.187793
0.0468662
0.428791
0.49742
0.32968
0.489314
0.437858
0.554251
0.442337
0.400704
0.550671
0.181269
0.591801
0.061995
0.0
0.0
0.0
0.0
0.0237143
0.00796809
0.0158727
0.0158727
0.0158727
0.0314934
0.0158727
0.00796809
0.0158727
0.00796809
0.0314934
0.0237143
0.0392106
0.0158727
0.0158727
0.00796809
0.0158727
0.0237143
0.0158727
0.00796809
0.0237143
0.00796809
0.213372
0.194265
0.0544609
0.141012
0.32968
0.0987747
0.999223
0.886051
0.927197
0.996654
0.127157
0.906706
0.061995
0.0768837
0.0468662
0.0768837
0.0768837
0.0842391
0.0768837
0.654927
0.451188
0.405479
0.0237143
0.0392106
0.909282
0.345576
0.80602
0.85572
0.770534
0.872035
0.0158727
0.930331
0.127157
0.0544609
0.256213
0.244216
0.588522
0.262139
0.0987747
0.0987747
0.091536
0.091536
0.213372
0.00796809
0.0
0.0
0.0842391
0.0237143
0.0468662
0.0237143
0.0237143
0.0314934
0.0694691
0.0237143
0.0392106
0.0544609
0.127157
0.0544609
0.0314934
0.0694691
0.0392106
0.685257
0.268018
0.547062
0.225858
0.0392106
0.0842391
0.168064
0.0468662
0.0468662
0.147856
0.091536
0.0314934
0.127157
0.0314934
0.147856
0.0392106
0.0314934
0.0468662
0.105956
0.00796809
0.134112
0.0158727
0.134112
0.659043
0.168064
0.472708
0.0842391
0.120147
0.141012
0.355964
0.738154
0.727468
0.725279
0.664455
0.849832
0.773271
0.302324
0.120147
0.161382
0.97745
0.941105
0.232026
0.689012
0.120147
0.307883
0.250238
0.225858
0.120147
0.105956
0.0987747
0.091536
0.105956
0.466342
0.127157
0.213372
0.147856
0.091536
0.105956
0.0987747
0.0842391
0.0842391
0.120147
0.0768837
0.105956
0.11308
0.11308
0.11308
0.0842391
0.105956
0.11308
0.00796809
0.00796809
0.00796809
0.00796809
0.00796809
0.00796809
0.00796809
0.0158727
0.00796809
0.0
0.00796809
0.00796809
0.345576
0.0544609
0.238146
0.733931
0.0544609
0.0842391
0.0544609
0.0544609
0.472708
0.557803
0.698806
0.543424
0.678899
0.437858
0.419578
0.442337
0.0842391
0.120147
0.091536
0.0987747
0.0842391
0.0987747
0.187793
0.181269
0.0987747
0.730719
0.970163
0.127157
0.657677
0.437858
0.462056
0.091536
0.207054
0.0694691
0.0468662
0.061995
0.174693
0.0468662
0.00796809
0.0468662
0.0237143
0.00796809
0.00796809
0.00796809
0.0158727
0.921448
0.972346
0.808334
0.550671
0.428791
0.11308
0.0987747
0.105956
0.091536
0.0987747
0.091536
0.0987747
0.105956
0.105956
0.127157
0.82518
0.59828
0.134112
0.134112
0.127157
0.0987747
0.0842391
0.0987747
0.93333
0.279637
0.313398
0.318869
0.207054
0.200685
0.161382
0.285377
0.819496
0.174693
0.0
0.0237143
0.00796809
0.00796809
0.999394
0.0237143
0.0158727
0.0468662
0.061995
0.355964
0.493383
0.318869
0.291071
0.268018
0.307883
0.459899
0.32968
0.232026
0.524791
0.437858
0.147856
0.999925
0.813626
0.873055
0.335021
0.376246
0.361095
0.0544609
0.0468662
0.0468662
0.0544609
0.0468662
0.0314934
0.0392106
0.161382
0.0392106
0.00796809
0.0
0.0694691
0.00796809
0.213372
0.256213
0.526688
0.213372
0.161382
0.181269
0.256213
0.154646
0.168064
0.213372
0.147856
0.181269
0.21964
0.168064
0.519054
0.511297
0.200685
0.141012
0.127157
0.291071
0.200685
0.437858
0.0237143
0.141012
0.147856
0.161382
0.291071
0.307883
0.225858
0.147856
0.181269
0.161382
0.134112
0.0158727
0.982682
0.736051
0.285377
0.904057
0.999635
0.0
0.0237143
0.0237143
0.0158727
0.0392106
0.324296
0.318869
0.335021
0.291071
0.302324
0.313398
0.324296
0.168064
0.632121
0.654927
0.493383
0.459899
0.489314
0.528577
0.238146
0.302324
0.424203
0.194265
0.476909
0.925726
0.0694691
0.061995
0.11308
0.120147
0.0314934
0.0237143
0.0392106
0.0314934
0.0392106
0.318869
0.428791
0.725279
0.00796809
0.00796809
0.00796809
0.00796809
0.00796809
0.32968
0.922695
0.324296
0.472708
0.656305
0.0
0.00796809
0.00796809
0.0
0.120147
0.0314934
0.0
0.0
0.134112
0.174693
0.127157
0.0842391
0.147856
0.105956
0.313398
0.127157
0.612485
0.690253
0.0392106
0.0314934
0.0468662
0.0544609
0.916257
0.262139
0.187793
0.643706
0.11308
0.11308
0.11308
0.141012
0.11308
0.120147
0.147856
0.134112
0.147856
0.127157
0.127157
0.0694691
0.0694691
0.0987747
0.0842391
0.091536
0.194265
0.0987747
0.120147
0.127157
0.0842391
0.256213
0.0544609
0.916257
0.262139
0.187793
0.643706
0.11308
