0 0 0
254 254 254
253 253 253
254 254 254
254 254 254
0 0 0
254 254 254
254 254 254
254 254 254
254 254 254
231 230 226
254 254 254
254 254 254
173 173 163
254 254 254
225 226 223
138 131 107
197 196 194
106 102 84
0 0 0
63 80 48
153 113 83
85 109 65
59 84 46
63 80 48
63 80 48
89 96 64
155 123 89
209 173 21
115 143 81
0 0 0
85 87 57
113 125 117
240 244 236
209 173 19
66 76 39
157 168 167
81 88 58
113 125 117
170 167 156
0 0 0
123 140 101
114 126 117
114 126 118
113 125 117
113 125 117
126 99 65
113 125 117
0 0 0
113 125 117
105 116 109
113 125 117
113 125 117
0 0 0
