1.23333 -10.8333 -4.8 6.2 0 0 1 0 5 0.788 0.752 0 0.89
1.2 -10.8666 -4.83333 6.2 0 0 1 0 5 0.788 0.752 0 0.89
12.0167 -0.1 5.9667 6.2 0 0 0 0 3 0.842 0.734 0 0.7
7.95003 -4.15 1.9 6.2 0 0 2 0 3 0.806 0.77 0 0.89
11.8666 -0.3334 5.7666 6.2 0 0 0 0 0 0.842 0.752 0 0.74
4.38333 -7.6833 -1.65 6.2 0 0 0 0 5 0.878 0.77 0 0.7
4.40003 -7.6666 -1.6333 6.2 0 0 0 0 5 0.878 0.77 0 0.7
1.23333 -10.8333 -4.8 6.2 0 0 1 0 5 0.788 0.752 0 0.89
1.2 -10.8666 -4.83333 6.2 0 0 1 0 5 0.788 0.752 0 0.89
12.0167 -0.1 5.9667 6.2 0 0 0 0 3 0.842 0.734 0 0.7
7.95003 -4.15 1.9 6.2 0 0 2 0 3 0.806 0.77 0 0.89
14.3833 2.3333 8.3667 6.2 0 0 0 0 5 0.806 0.752 0 0.84
14.3666 2.3166 8.35 6.2 0 0 0 0 5 0.806 0.752 0 0.84
4.50003 -7.6333 -1.5666 5.6 0 0 1 0 2 0.77 0.752 0 0.94
13.5 1.3333 7.4167 6.2 0 0 0 0 1 0.77 0.734 0 0.89
12.7666 0.5666 6.6666 5 0 1 0 0 0 0.85 0.79 0 0.78
12.7666 0.5666 6.6666 5 0 1 0 0 0 0.85 0.79 0 0.78
12.5 0.3166 6.4 9 0 1 0 0 1 0.83 0.77 0 0.76
4.9167 -7.1666 -1.1166 6.2 0 0 0 0 4 0.86 0.77 0 0.74
4.95 -7.1333 -1.0833 6.2 0 0 0 0 4 0.86 0.77 0 0.74
5.3667 -6.7166 -0.6666 6.2 0 0 0 0 4 0.878 0.752 0 0.66
13.8833 1.6833 7.7833 5.6 0 0 0 0 0 0.824 0.77 0 0.84
11.8334 -0.35 5.75 4.3 0 0 0 0 1 0.824 0.77 0 0.84
11.8334 -0.35 5.75 4.3 0 0 0 0 1 0.824 0.77 0 0.84
11.8334 -0.35 5.75 4.3 0 0 0 0 1 0.824 0.77 0 0.84
11.8 -0.3834 5.7166 4.3 0 0 0 0 1 0.824 0.77 0 0.84
11.7834 -0.4 5.7 4.3 0 0 0 0 1 0.824 0.77 0 0.84
11.8334 -0.35 5.75 4.3 0 0 0 0 1 0.824 0.77 0 0.84
11.8 -0.3834 5.7166 4.3 0 0 0 0 1 0.824 0.77 0 0.84
11.7834 -0.4 5.7 4.3 0 0 0 0 1 0.824 0.77 0 0.84
12.7 0.5166 6.6166 4 0 1 0 0 1 0.83 0.76 0 0.73
11.8 -0.3834 5.7166 4.3 0 0 0 0 1 0.824 0.77 0 0.84
11.8 -0.3834 5.7166 4.3 0 0 0 0 1 0.824 0.77 0 0.84
11.8334 -0.35 5.75 4.3 0 0 0 0 1 0.824 0.77 0 0.84
11.8334 -0.35 5.75 4.3 0 0 0 0 1 0.824 0.77 0 0.84
11.8 -0.3834 5.7166 4.3 0 0 0 0 1 0.824 0.77 0 0.84
11.8334 -0.35 5.75 4.3 0 0 0 0 1 0.824 0.77 0 0.84
11.8334 -0.35 5.75 4.3 0 0 0 0 1 0.824 0.77 0 0.84
11.8334 -0.35 5.75 4.3 0 0 0 0 1 0.824 0.77 0 0.84
11.8334 -0.35 5.75 4.3 0 0 0 0 1 0.824 0.77 0 0.84
11.8334 -0.35 5.75 4.3 0 0 0 0 1 0.824 0.77 0 0.84
12.75 0.5666 6.6666 4 0 1 0 0 1 0.83 0.76 0 0.73
11.8 -0.3834 5.7166 4.3 0 0 0 0 1 0.824 0.77 0 0.84
11.7834 -0.4 5.7 4.3 0 0 0 0 1 0.824 0.77 0 0.84
11.4167 -0.7667 5.3333 4.3 0 0 0 0 1 0.824 0.77 0 0.84
11.8 -0.3834 5.7166 4.3 0 0 0 0 1 0.824 0.77 0 0.84
11.8334 -0.35 5.75 4.3 0 0 0 0 1 0.824 0.77 0 0.84
9.78337 -2.4 3.7 5.0 0 0 0 0 1 0.842 0.752 0 0.74
9.79997 -2.3834 3.7166 5.0 0 0 0 0 1 0.842 0.752 0 0.74
12.05 -0.1334 5.95 6.2 0 0 0 0 0 0.878 0.734 0 0.62
0.88333 -11.2333 -5.1833 2 0 0 0 0 3 0.78 0.78 1 1
6.8333 -5.3667 0.7333 10 0 1 0 0 0 0.92 0.74 0 0.47
6.8333 -5.3667 0.7333 10 0 1 0 0 0 0.92 0.74 0 0.47
6.7833 -5.4167 0.6833 6.2 0 0 0 0 0 0.914 0.752 0 0.59
0.2 -12 -5.90003 6.2 0 0 0 0 0 0.806 0.788 0 0.94
0.26666 -11.9334 -5.83337 6.2 0 0 0 0 0 0.806 0.788 0 0.94
0.23333 -11.9667 -5.8667 6.2 0 0 0 0 0 0.806 0.788 0 0.94
16.6833 4.5 10.6 5.6 0 0 0 0 1 0.788 0.77 0 0.94
23.35 11.2167 17.2834 6.2 0 0 0 0 2 0.824 0.788 0 0.89
-2.76667 -14.9 -8.8333 6.2 0 0 0 0 2 0.806 0.788 0 0.94
-2.88334 -15.0167 -8.94997 6.2 0 0 0 0 2 0.806 0.788 0 0.94
8.56667 -3.6 2.4833 5.6 0 0 2 0 1 0.788 0.77 0 0.94
8.69997 -3.4667 2.6166 5.6 0 0 2 0 1 0.788 0.77 0 0.94
9.76667 -2.4 3.6833 6.2 0 0 1 0 1 0.806 0.77 0 0.89
8.63337 -3.5333 2.55 5.6 0 0 2 0 1 0.788 0.77 0 0.94
13.7 1.6334 7.6667 6.2 0 0 0 0 5 0.806 0.752 0 0.84
12.6833 0.5333 6.6167 6.2 1 0 0 0 2 0.824 0.752 0 0.79
12.6333 0.4833 6.5667 6.2 1 0 0 0 2 0.824 0.752 0 0.79
12.7166 0.5666 6.65 6.2 1 0 0 0 2 0.824 0.752 0 0.79
8.43333 -3.6667 2.3833 6.2 1 0 1 0 3 0.842 0.77 0 0.79
8.43333 -3.6667 2.3833 6.2 1 0 1 0 3 0.842 0.77 0 0.79
9.0833 -3.0667 3.0166 6.2 0 0 0 0 1 0.86 0.752 0 0.7
9.7833 -2.3334 3.7166 5 0 0 2 1 3 0.84 0.76 0 0.7
13.0666 0.9166 7 6.2 1 0 0 0 2 0.806 0.77 0 0.89
12.0666 -0.0834 6 6.2 1 0 0 0 2 0.824 0.752 0 0.79
12.05 -0.1 5.9834 6.2 1 0 0 0 2 0.824 0.752 0 0.79
13.1 0.95 7.0334 6.2 1 0 0 0 2 0.806 0.77 0 0.89
12.0833 -0.0667 6.0167 6.2 1 0 0 0 2 0.824 0.752 0 0.79
9.3833 -2.7834 3.3 6.2 0 0 0 0 2 0.806 0.752 0 0.84
6.65003 -5.5 0.5834 6.2 0 0 1 0 2 0.842 0.752 0 0.74
5.76663 -6.2834 -0.2667 6.2 0 0 0 0 5 0.86 0.716 0 0.62
10.4334 -1.7166 4.3667 6.2 1 0 1 0 2 0.842 0.752 0 0.74
9.91667 -2.2333 3.85 10 0 0 1 0 2 0.83 0.76 0 0.73
9.88337 -2.2666 3.8167 10 0 0 1 0 2 0.83 0.76 0 0.73
9.99997 -2.15 3.9333 10 0 0 1 0 2 0.83 0.76 0 0.73
9.96667 -2.1833 3.9 10 0 0 1 0 2 0.83 0.76 0 0.73
9.83337 -2.3166 3.7667 10 0 0 1 0 2 0.83 0.76 0 0.73
9.79997 -2.35 3.7333 10 0 0 1 0 2 0.83 0.76 0 0.73
10.05 -2.1 3.9833 6.2 0 0 0 0 2 0.842 0.752 0 0.74
-3.78334 -15.9167 -9.84997 6.2 0 0 0 0 2 0.806 0.788 0 0.94
5.7333 -6.3834 -0.3167 5.6 0 0 0 0 3 0.896 0.77 0 0.66
5.79997 -6.3167 -0.25 6.2 0 0 0 0 3 0.896 0.77 0 0.66
12.0334 -0.1 5.9667 6.2 0 0 0 0 3 0.842 0.77 0 0.79
14.55 2.45 8.5 6.2 0 0 0 0 3 0.824 0.77 0 0.84
15.5834 3.4834 9.5334 11 1 0 0 0 3 0.82 0.77 0 0.81
15.1666 3.0666 9.1166 9 0 1 0 0 3 0.8 0.77 0 0.87
7.41663 -4.6667 1.3833 6.2 1 0 0 0 4 0.86 0.77 0 0.74
8.4667 -3.7 2.3834 6.2 0 0 0 0 1 0.86 0.77 0 0.74
15.1334 2.9667 9.05 6.2 0 0 0 0 1 0.842 0.788 0 0.84
15.5167 3.35 9.4333 6.2 0 0 0 0 1 0.842 0.788 0 0.84
9.95003 -2.15 3.9 6.2 0 0 0 0 3 0.86 0.752 0 0.7
3.46663 -8.6167 -2.5667 6.2 1 0 0 0 4 0.824 0.752 0 0.79
9.95003 -2.15 3.9 6.2 0 0 0 0 3 0.86 0.752 0 0.7
3.46663 -8.6167 -2.5667 6.2 1 0 0 0 4 0.824 0.752 0 0.79
5.53337 -6.5166 -0.4833 6.2 0 0 0 0 6 0.86 0.77 0 0.74
16.2834 4.2167 10.25 6.2 0 0 0 0 5 0.806 0.77 0 0.89
-0.83333 -12.9167 -6.8833 6.2 1 0 0 0 4 0.806 0.698 0 0.7
12.6666 0.5833 6.6333 6.2 0 0 0 0 4 0.806 0.752 0 0.84
12.7 0.6167 6.6667 6.2 0 0 0 0 4 0.806 0.752 0 0.84
2.9167 -9.1666 -3.1333 6.2 0 0 0 0 4 0.806 0.752 0 0.84
3.0833 -9 -2.9667 6.2 0 0 0 0 4 0.824 0.752 0 0.79
2.85 -9.2333 -3.2 6.2 0 0 0 0 4 0.806 0.752 0 0.84
-5.31667 -17.4167 -11.3667 5.0 0 0 2 0 3 0.752 0.752 0 1
14.0167 1.95 7.9833 6.2 0 0 0 0 4 0.806 0.752 0 0.84
13.3834 1.3167 7.35 6.2 0 0 0 0 5 0.824 0.77 0 0.84
6.4167 -5.65 0.3834 6.2 0 0 0 0 5 0.86 0.734 0 0.66
6.7167 -5.35 0.6834 11 0 1 0 0 5 0.87 0.73 0 0.56
18.1666 6.1 12.1333 6.2 0 0 0 0 5 0.77 0.734 0 0.89
18.0833 6.0167 12.05 6.2 0 0 0 0 5 0.77 0.734 0 0.89
18.1333 6.0667 12.1 6.2 0 0 0 0 5 0.77 0.734 0 0.89
18.0333 5.9667 12 6.2 0 0 0 0 5 0.77 0.734 0 0.89
18.1166 6.05 12.0833 6.2 0 0 0 0 5 0.77 0.734 0 0.89
18 5.9334 11.9667 6.2 0 0 0 0 5 0.77 0.734 0 0.89
12.5333 0.4667 6.5 6.2 1 0 0 0 5 0.806 0.734 0 0.79
11.6 -0.45 5.5833 5.0 0 0 0 0 5 0.752 0.752 0 1
5.83333 -6.2167 -0.1833 6.2 1 0 0 0 5 0.842 0.734 0 0.7
14.8 2.7 8.75 5.0 0 0 0 0 4 0.824 0.752 0 0.79
13.9166 1.8166 7.8666 4.3 1 0 0 0 4 0.842 0.752 0 0.74
2.8333 -9.2167 -3.2 6.2 0 0 0 0 5 0.824 0.77 0 0.84
7.81663 -4.25 1.7833 6.2 0 0 1 0 5 0.86 0.77 0 0.74
21.9334 9.8167 15.8667 3.7 0 0 0 0 3 0.806 0.752 0 0.84
21.7334 9.6167 15.6667 3.7 0 0 0 0 3 0.806 0.752 0 0.84
5.49997 -6.55 -0.5167 6.2 0 0 0 0 6 0.86 0.77 0 0.74
5.51667 -6.5333 -0.5 6.2 0 0 0 0 6 0.86 0.77 0 0.74
6.33337 -5.7333 0.3 6.2 0 0 3 0 5 0.806 0.788 0 0.94
6.31667 -5.75 0.2833 6.2 0 0 3 0 5 0.806 0.788 0 0.94
-5.88334 -17.9334 -11.9 6.2 0 0 0 0 6 0.77 0.752 0 0.94
15.9333 3.8833 9.9 6 0 0 1 0 6 0.77 0.76 0 0.95
-5.88334 -17.9334 -11.9 6.2 0 0 0 0 6 0.77 0.752 0 0.94
-5.88334 -17.9334 -11.9 6.2 0 0 0 0 6 0.77 0.752 0 0.94
12.9 0.7667 6.8334 7 0 1 0 0 2 0.81 0.77 0 0.85
13.8667 1.8 7.8333 6.2 0 0 0 0 5 0.824 0.77 0 0.84
0.06667 -12 -5.9667 5.0 0 0 0 0 5 0.788 0.788 0 1
13.85 1.7833 7.8166 6.2 0 0 0 0 5 0.824 0.77 0 0.84
-2.21666 -14.2833 -8.25003 5.6 0 0 1 0 5 0.788 0.77 0 0.94
-1.5 -13.5667 -7.53337 5.0 0 0 1 0 5 0.788 0.788 0 1
-2.21666 -14.2833 -8.25003 5.6 0 0 1 0 5 0.788 0.77 0 0.94
-1.48333 -13.55 -7.5167 5.0 0 0 1 0 5 0.788 0.788 0 1
-2.25 -14.3167 -8.28337 5.6 0 0 1 0 5 0.788 0.77 0 0.94
-1.5 -13.5667 -7.53337 5.0 0 0 1 0 5 0.788 0.788 0 1
-2.3 -14.3667 -8.33337 5.6 0 0 1 0 5 0.788 0.77 0 0.94
-2.2 -14.2667 -8.23337 5.6 0 0 1 0 5 0.788 0.77 0 0.94
-1.46666 -13.5333 -7.50003 5.0 0 0 1 0 5 0.788 0.788 0 1
-1.45 -13.5167 -7.48337 5.0 0 0 1 0 5 0.788 0.788 0 1
-1.5 -13.5667 -7.53337 5.0 0 0 1 0 5 0.788 0.788 0 1
-1.5 -13.5667 -7.53337 5.0 0 0 1 0 5 0.788 0.788 0 1
-2.16666 -14.2333 -8.20003 5.6 0 0 1 0 5 0.788 0.77 0 0.94
-1.4 -13.4667 -7.43337 5.0 0 0 1 0 5 0.788 0.788 0 1
-2.3 -14.3667 -8.33337 5.6 0 0 1 0 5 0.788 0.77 0 0.94
7.69997 -4.35 1.6833 0.9 0 0 2 3 6 0.77 0.752 0 0.94
16.7833 4.7333 10.7666 6.2 0 0 0 0 5 0.806 0.752 0 0.84
8.84997 -3.2334 2.8 4.3 0 0 3 0 4 0.824 0.734 0 0.74
9.16667 -2.9167 3.1167 3.7 0 0 2 0 4 0.788 0.752 0 0.89
9.19997 -2.8834 3.15 3.7 0 0 2 0 4 0.788 0.752 0 0.89
8.89997 -3.1834 2.85 4.3 0 0 3 0 4 0.824 0.734 0 0.74
8.91667 -3.1667 2.8667 3.7 0 0 2 0 4 0.788 0.752 0 0.89
-1.41667 -13.4833 -7.45 5.6 0 0 0 0 5 0.77 0.77 0 1
9.53333 -2.5333 3.5 10 0 1 0 0 4 0.88 0.77 0 0.62
9.89997 -2.1834 3.8666 6.2 0 0 0 0 4 0.842 0.752 0 0.74
2.33334 -9.73333 -3.70003 6.2 0 0 0 0 4 0.824 0.752 0 0.79
2.38334 -9.68333 -3.65003 6.2 0 0 0 0 4 0.824 0.752 0 0.79
-0.83333 -12.9167 -6.8833 6.2 1 0 0 0 4 0.806 0.698 0 0.7
-0.83333 -12.9167 -6.8833 6.2 1 0 0 0 4 0.806 0.698 0 0.7
-0.83333 -12.9167 -6.8833 6.2 1 0 0 0 4 0.806 0.698 0 0.7
-0.83333 -12.9167 -6.8833 6.2 1 0 0 0 4 0.806 0.698 0 0.7
-0.83333 -12.9167 -6.8833 6.2 1 0 0 0 4 0.806 0.698 0 0.7
-0.83333 -12.9167 -6.8833 6.2 1 0 0 0 4 0.806 0.698 0 0.7
-0.83333 -12.9167 -6.8833 6.2 1 0 0 0 4 0.806 0.698 0 0.7
-0.83333 -12.9167 -6.8833 6.2 1 0 0 0 4 0.806 0.698 0 0.7
-0.83333 -12.9167 -6.8833 6.2 1 0 0 0 4 0.806 0.698 0 0.7
-0.83333 -12.9167 -6.8833 6.2 1 0 0 0 4 0.806 0.698 0 0.7
-0.83333 -12.9167 -6.8833 6.2 1 0 0 0 4 0.806 0.698 0 0.7
-0.83333 -12.9167 -6.8833 6.2 1 0 0 0 4 0.806 0.698 0 0.7
-0.83333 -12.9167 -6.8833 6.2 1 0 0 0 4 0.806 0.698 0 0.7
-0.83333 -12.9167 -6.8833 6.2 1 0 0 0 4 0.806 0.698 0 0.7
-0.83333 -12.9167 -6.8833 6.2 1 0 0 0 4 0.806 0.698 0 0.7
-0.83333 -12.9167 -6.8833 6.2 1 0 0 0 4 0.806 0.698 0 0.7
-0.83333 -12.9167 -6.8833 6.2 1 0 0 0 4 0.806 0.698 0 0.7
-0.83333 -12.9167 -6.8833 6.2 1 0 0 0 4 0.806 0.698 0 0.7
-0.83333 -12.9167 -6.8833 6.2 1 0 0 0 4 0.806 0.698 0 0.7
-0.83333 -12.9167 -6.8833 6.2 1 0 0 0 4 0.806 0.698 0 0.7
-0.83333 -12.9167 -6.8833 6.2 1 0 0 0 4 0.806 0.698 0 0.7
-7.05 -19.2334 -13.15 6.2 0 0 0 0 1 0.77 0.734 0 0.89
-0.83333 -12.9333 -6.8833 5.0 0 0 0 0 4 0.806 0.752 0 0.84
-0.83333 -12.9333 -6.8833 5.0 0 0 0 0 4 0.806 0.752 0 0.84
-0.83333 -12.9333 -6.8833 5.0 0 0 0 0 4 0.806 0.752 0 0.84
-0.83333 -12.9333 -6.8833 5.0 0 0 0 0 4 0.806 0.752 0 0.84
-0.83333 -12.9333 -6.8833 5.0 0 0 0 0 4 0.806 0.752 0 0.84
-0.83333 -12.9333 -6.8833 5.0 0 0 0 0 4 0.806 0.752 0 0.84
-0.83333 -12.9333 -6.8833 5.0 0 0 0 0 4 0.806 0.752 0 0.84
-0.83333 -12.9333 -6.8833 5.0 0 0 0 0 4 0.806 0.752 0 0.84
-0.83333 -12.9333 -6.8833 5.0 0 0 0 0 4 0.806 0.752 0 0.84
-0.83333 -12.9333 -6.8833 5.0 0 0 0 0 4 0.806 0.752 0 0.84
-0.83333 -12.9333 -6.8833 5.0 0 0 0 0 4 0.806 0.752 0 0.84
-0.83333 -12.9333 -6.8833 5.0 0 0 0 0 4 0.806 0.752 0 0.84
-0.83333 -12.9333 -6.8833 5.0 0 0 0 0 4 0.806 0.752 0 0.84
-0.83333 -12.9333 -6.8833 5.0 0 0 0 0 4 0.806 0.752 0 0.84
-0.83333 -12.9333 -6.8833 5.0 0 0 0 0 4 0.806 0.752 0 0.84
7.93337 -4.15 1.8834 3.1 0 0 0 1 4 0.806 0.752 0 0.84
6.13337 -5.95 0.0834 6.2 0 0 0 0 4 0.878 0.734 0 0.62
5.93337 -6.15 -0.1166 6.2 0 0 0 0 4 0.878 0.734 0 0.62
6.11667 -5.9667 0.0667 6.2 0 0 0 0 4 0.878 0.734 0 0.62
5.96667 -6.1167 -0.0833 6.2 0 0 0 0 4 0.878 0.734 0 0.62
5.98337 -6.1 -0.0666 6.2 0 0 0 0 4 0.878 0.734 0 0.62
5.86667 -6.2167 -0.1833 6.2 0 0 0 0 4 0.878 0.734 0 0.62
12.15 0.05 6.1 4.3 0 0 0 0 4 0.842 0.752 0 0.74
5.48337 -6.6166 -0.5666 6.2 0 0 0 0 3 0.896 0.752 0 0.62
-1.81667 -14.0167 -7.91667 6.2 0 0 0 0 0 0.824 0.77 0 0.84
6.41667 -5.7833 0.3167 6.2 0 0 0 0 0 0.842 0.77 0 0.79
6.41667 -5.7833 0.3167 6.2 0 0 0 0 0 0.842 0.77 0 0.79
-1.06666 -13.2 -7.13333 5.0 0 0 0 0 2 0.77 0.77 0 1
-1.06666 -13.2 -7.13333 5.0 0 0 0 0 2 0.77 0.77 0 1
-1.08333 -13.2167 -7.15 5.0 0 0 0 0 2 0.77 0.77 0 1
9.78333 -2.2833 3.75 6.2 0 0 0 0 4 0.824 0.77 0 0.84
9.60003 -2.4666 3.5667 10 0 1 0 0 4 0.83 0.76 0 0.74
9.58333 -2.4833 3.55 10 0 1 0 0 4 0.83 0.76 0 0.74
11.3 -0.8334 5.2333 5.0 0 0 0 0 3 0.806 0.734 0 0.79
11.5167 -0.6167 5.45 5.0 0 0 0 0 3 0.806 0.734 0 0.79
13.9666 1.8166 7.8833 6.2 0 0 0 0 2 0.806 0.752 0 0.84
15.9 3.7333 9.8166 11 0 1 0 0 2 0.82 0.76 0 0.79
15.8334 3.6667 9.75 11 0 1 0 0 2 0.82 0.76 0 0.79
15.8667 3.7 9.7833 11 0 1 0 0 2 0.82 0.76 0 0.79
-0.35 -12.5167 -6.4333 6.2 0 0 0 0 2 0.806 0.77 0 0.89
-0.26667 -12.4334 -6.34997 6.2 0 0 0 0 2 0.806 0.77 0 0.89
-0.25 -12.4167 -6.3333 6.2 0 0 0 0 2 0.806 0.77 0 0.89
2.76667 -9.4167 -3.3167 6.2 0 0 0 0 1 0.86 0.788 0 0.79
2.73334 -9.45003 -3.35003 6.2 0 0 0 0 1 0.86 0.788 0 0.79
12.0667 -0.05 6 6.2 0 0 0 0 2 0.86 0.752 0 0.7
2.81667 -9.3667 -3.2667 6.2 0 0 0 0 1 0.86 0.788 0 0.79
-3.2 -15.4 -9.3 6.2 0 0 0 0 1 0.806 0.752 0 0.84
6.39997 -5.8 0.3 6.2 0 0 0 0 0 0.842 0.77 0 0.79
10.2667 -1.9 4.1833 6.2 0 0 0 0 1 0.86 0.77 0 0.74
-6.63334 -18.8167 -12.7167 6.2 0 0 0 0 0 0.842 0.752 0 0.74
7.84997 -4.3334 1.75 6.2 0 0 0 2 1 0.878 0.77 0 0.7
4.74997 -7.3 -1.2667 6.2 0 0 0 0 6 0.842 0.734 0 0.7
2.26667 -9.9167 -3.8167 6.2 0 0 0 0 1 0.842 0.788 0 0.84
-1.91666 -14.0833 -8.00003 5.6 0 0 1 0 1 0.734 0.734 0 1
-1.9 -14.0667 -7.98337 5.6 0 0 1 0 1 0.734 0.734 0 1
-1.86666 -14.0333 -7.95003 5.6 0 0 1 0 1 0.734 0.734 0 1
-1.93333 -14.1 -8.0167 5.6 0 0 1 0 1 0.734 0.734 0 1
-2.05 -14.2167 -8.13337 6 0 0 2 0 1 0.74 0.73 0 0.94
-3.6 -15.7667 -9.68337 1.6 0 0 0 3 1 0.716 0.716 0 1
-3.58333 -15.75 -9.6667 1.6 0 0 0 3 1 0.716 0.716 0 1
30.15 17.9833 24.0666 6.2 0 0 0 0 1 0.824 0.788 0 0.89
30.1667 18 24.0833 6.2 0 0 0 0 1 0.824 0.788 0 0.89
-3.56666 -15.7333 -9.65003 1.6 0 0 0 3 1 0.716 0.716 0 1
-3.3 -15.4334 -9.36667 6.2 0 0 0 0 2 0.788 0.77 0 0.94
-3.53333 -15.6667 -9.6 6.2 0 0 0 0 2 0.788 0.77 0 0.94
-3.53333 -15.6667 -9.6 6.2 0 0 0 0 2 0.788 0.77 0 0.94
-3.58333 -15.7167 -9.65 6.2 0 0 0 0 2 0.788 0.77 0 0.94
-3.73333 -15.8667 -9.8 6.2 0 0 0 0 2 0.788 0.77 0 0.94
-3.66666 -15.8 -9.73333 6.2 0 0 0 0 2 0.788 0.77 0 0.94
-3.58333 -15.7167 -9.65 6.2 0 0 0 0 2 0.788 0.77 0 0.94
-3.31666 -15.45 -9.38333 6.2 0 0 0 0 2 0.788 0.77 0 0.94
-3.63333 -15.7667 -9.7 6.2 0 0 0 0 2 0.788 0.77 0 0.94
-3.73333 -15.8667 -9.8 6.2 0 0 0 0 2 0.788 0.77 0 0.94
-3.66666 -15.8 -9.73333 6.2 0 0 0 0 2 0.788 0.77 0 0.94
-3.61666 -15.75 -9.68333 6.2 0 0 0 0 2 0.788 0.77 0 0.94
-3.68333 -15.8167 -9.75 6.2 0 0 0 0 2 0.788 0.77 0 0.94
-3.3 -15.4334 -9.36667 6.2 0 0 0 0 2 0.788 0.77 0 0.94
-3.23333 -15.3667 -9.3 6.2 0 0 0 0 2 0.788 0.77 0 0.94
-3.7 -15.8334 -9.76667 6.2 0 0 0 0 2 0.788 0.77 0 0.94
-3.7 -15.8334 -9.76667 6.2 0 0 0 0 2 0.788 0.77 0 0.94
-3.23333 -15.3667 -9.3 6.2 0 0 0 0 2 0.788 0.77 0 0.94
-3.33333 -15.4667 -9.4 6.2 0 0 0 0 2 0.788 0.77 0 0.94
15.4833 3.35 9.4167 6.2 0 0 0 0 2 0.824 0.77 0 0.84
2.71666 -9.34997 -3.31667 6.2 0 0 0 0 5 0.824 0.77 0 0.84
3.88337 -8.2166 -2.1666 6.2 0 0 0 0 3 0.86 0.752 0 0.7
10.8834 -1.25 4.8167 6.2 1 0 0 0 3 0.788 0.77 0 0.94
13.1666 1.05 7.1166 6.2 0 0 1 0 3 0.824 0.77 0 0.84
13.1666 1.05 7.1166 6.2 0 0 1 0 3 0.824 0.77 0 0.84
13.1333 1.0333 7.0833 6.2 0 0 0 0 3 0.824 0.752 0 0.79
-6.58333 -18.65 -12.6166 6.2 0 0 0 0 5 0.77 0.752 0 0.94
11.6167 -0.4333 5.6 6.2 0 0 0 0 5 0.806 0.77 0 0.89
11.5833 -0.4667 5.5666 6.2 0 0 0 0 5 0.806 0.77 0 0.89
-6.66667 -18.7334 -12.7 6.2 0 0 0 0 5 0.77 0.752 0 0.94
11.6 -0.45 5.5833 6.2 0 0 0 0 5 0.806 0.77 0 0.89
14.2 2.15 8.1834 6.2 0 0 0 0 5 0.806 0.77 0 0.89
16.6333 4.5666 10.6 6.2 0 0 0 0 5 0.77 0.752 0 0.94
16.65 4.5833 10.6167 6.2 0 0 0 0 5 0.77 0.752 0 0.94
7.40003 -4.6833 1.3667 6.2 0 0 1 0 4 0.824 0.77 0 0.84
9.6833 -2.3834 3.65 10 0 1 0 0 5 0.87 0.75 0 0.61
4.11663 -7.9667 -1.9167 6.2 0 0 1 0 4 0.806 0.752 0 0.84
3.60003 -8.4833 -2.4333 11 0 1 0 0 4 0.84 0.77 0 0.74
3.61663 -8.4667 -2.4167 11 0 1 0 0 4 0.84 0.77 0 0.74
12.6834 0.6334 6.65 6 0 1 0 0 5 0.8 0.76 0 0.82
10.0166 -2.05 3.9833 6.2 0 0 1 0 4 0.824 0.752 0 0.79
10 -2.0666 3.9667 6.2 0 0 1 0 4 0.824 0.752 0 0.79
9.98333 -2.0833 3.95 6.2 0 0 1 0 4 0.824 0.752 0 0.79
4.38337 -7.6833 -1.65 6.2 0 0 0 0 4 0.842 0.77 0 0.79
0.63334 -11.4333 -5.40003 6 0 0 0 0 4 0.78 0.77 1 0.96
0.41667 -11.65 -5.6167 5.6 0 0 0 0 4 0.77 0.77 0 1
0.3 -11.7667 -5.73337 5.6 0 0 0 0 4 0.77 0.77 0 1
-0.01666 -12.0833 -6.05003 5.6 0 0 0 0 4 0.77 0.77 0 1
-0.23333 -12.3 -6.2667 5.6 0 0 0 0 4 0.77 0.77 0 1
-0.23333 -12.3 -6.2667 5.6 0 0 0 0 4 0.77 0.77 0 1
0 -12.0667 -6.03337 5.6 0 0 0 0 4 0.77 0.77 0 1
8.86663 -3.2167 2.8333 6.2 1 0 0 0 4 0.896 0.77 0 0.66
8.88333 -3.2 2.85 6.2 1 0 0 0 4 0.896 0.77 0 0.66
8.88333 -3.2 2.85 6.2 1 0 0 0 4 0.896 0.77 0 0.66
8.98333 -3.1 2.95 6.2 0 0 0 0 4 0.842 0.77 0 0.79
9.95003 -2.1666 3.9 11 0 1 0 0 3 0.87 0.75 0 0.59
9.76663 -2.35 3.7166 6.2 0 0 0 0 3 0.86 0.752 0 0.7
9.88333 -2.2333 3.8333 11 0 1 0 0 3 0.87 0.75 0 0.59
9.86663 -2.25 3.8166 6.2 0 0 0 0 3 0.86 0.752 0 0.7
9.70003 -2.4166 3.65 6.2 0 0 0 0 3 0.86 0.752 0 0.7
12.7 0.6334 6.6667 9 0 1 0 0 4 0.8 0.76 0 0.86
1.5 -10.55 -4.51663 5.0 0 0 0 0 6 0.788 0.752 0 0.89
1.41666 -10.6334 -4.59997 5.0 0 0 0 0 6 0.788 0.752 0 0.89
1.41666 -10.6334 -4.59997 5.0 0 0 0 0 6 0.788 0.752 0 0.89
1.41666 -10.6334 -4.59997 5.0 0 0 0 0 6 0.788 0.752 0 0.89
1.38333 -10.6667 -4.6333 5.0 0 0 0 0 6 0.788 0.752 0 0.89
9.45003 -2.7 3.3834 6.2 0 0 0 0 2 0.86 0.752 0 0.7
10.3833 -1.6667 4.35 6.2 0 0 0 0 5 0.878 0.752 0 0.66
19.3833 7.1833 13.2833 6.2 0 0 0 0 1 0.824 0.788 0 0.89
6.04997 -6 0.0166 6.2 1 0 0 0 5 0.86 0.806 0 0.84
6.68337 -5.3666 0.65 6.2 1 0 0 0 5 0.86 0.788 0 0.79
6.83337 -5.2166 0.8 6.2 1 0 0 0 5 0.86 0.788 0 0.79
6.68337 -5.3666 0.65 6.2 1 0 0 0 5 0.86 0.788 0 0.79
6.36667 -5.6833 0.3333 6.2 1 0 0 0 5 0.86 0.806 0 0.84
5.05 -7 -0.9833 6.2 0 0 0 0 5 0.86 0.752 0 0.7
1.28333 -10.7667 -4.7333 5.0 0 0 0 0 6 0.788 0.752 0 0.89
13.5666 1.5 7.5333 6.2 0 0 0 0 5 0.806 0.752 0 0.84
12.8833 0.8167 6.85 6.2 0 0 0 0 5 0.842 0.752 0 0.74
30.1833 18.0166 24.1 6.2 0 0 0 0 2 0.824 0.77 0 0.84
30.1167 17.95 24.0334 6.2 0 0 0 0 2 0.824 0.77 0 0.84
30.2 18.0333 24.1167 6.2 0 0 0 0 2 0.824 0.77 0 0.84
32.2166 20.0666 26.15 6.2 0 0 0 0 2 0.842 0.788 0 0.84
11 -1.05 4.9833 6.2 0 0 1 0 5 0.824 0.77 0 0.84
12.7167 0.6667 6.7 6.2 0 0 0 0 5 0.806 0.788 0 0.94
14.7333 2.6667 8.7 6.2 0 0 0 0 5 0.788 0.752 0 0.89
6.06667 -6 0.0333 6.2 0 0 0 0 5 0.86 0.77 0 0.74
7.53337 -4.5333 1.5 6.2 1 0 0 0 5 0.842 0.788 0 0.84
7.46667 -4.6 1.4333 6.2 1 0 0 0 5 0.842 0.788 0 0.84
12.5667 0.4167 6.4833 6.2 0 0 0 0 2 0.824 0.77 0 0.84
8.36667 -3.7167 2.3167 6.2 1 0 0 0 4 0.86 0.788 0 0.79
8.85 -3.25 2.8 6.2 1 0 0 0 4 0.86 0.752 0 0.7
8.7833 -3.3167 2.7333 6.2 0 0 0 0 3 0.878 0.734 0 0.62
16.0333 3.9 9.9666 6.2 0 0 0 0 3 0.824 0.77 0 0.84
10.5166 -1.5834 4.4666 6.2 0 0 0 2 3 0.86 0.752 0 0.7
12.7834 0.6667 6.7334 6.2 0 0 0 0 3 0.806 0.752 0 0.84
14.4667 2.35 8.4 6.2 1 0 0 0 3 0.824 0.77 0 0.84
10.4833 -1.65 4.4167 6.2 0 0 0 0 3 0.878 0.788 0 0.75
11.5834 -0.55 5.5167 5.0 4 0 0 0 2 0.842 0.77 0 0.79
11.5834 -0.55 5.5167 5.0 4 0 0 0 2 0.842 0.77 0 0.79
11.5834 -0.55 5.5167 5.0 4 0 0 0 2 0.842 0.77 0 0.79
-5.83333 -18 -11.9166 6.2 0 0 0 0 2 0.824 0.77 0 0.84
9.41663 -2.7334 3.35 6.2 0 0 0 0 2 0.86 0.752 0 0.7
9.55003 -2.6 3.4834 6.2 0 0 0 0 2 0.86 0.752 0 0.7
9.45003 -2.7 3.3834 6.2 0 0 0 0 2 0.86 0.752 0 0.7
12.0167 -0.15 5.9333 6.2 0 0 0 0 2 0.842 0.77 0 0.79
12.0667 -0.1 5.9833 6.2 0 0 0 0 2 0.842 0.77 0 0.79
12.05 -0.1167 5.9666 6.2 0 0 0 0 2 0.842 0.77 0 0.79
11.2834 -0.8833 5.2 6.2 0 0 0 0 2 0.842 0.77 0 0.79
11.2334 -0.9333 5.15 6.2 0 0 0 0 2 0.842 0.77 0 0.79
11.6667 -0.5 5.5833 6.2 0 0 0 0 2 0.842 0.77 0 0.79
11.2834 -0.8833 5.2 6.2 0 0 0 0 2 0.842 0.77 0 0.79
10.2167 -1.95 4.1333 6.2 0 0 0 0 2 0.86 0.77 0 0.74
11.6667 -0.5 5.5833 6.2 0 0 0 0 2 0.842 0.77 0 0.79
11.7 -0.4667 5.6166 6.2 0 0 0 0 2 0.842 0.77 0 0.79
10.9334 -1.2333 4.85 6.2 0 0 0 0 2 0.86 0.77 0 0.74
11.7 -0.4667 5.6166 6.2 0 0 0 0 2 0.842 0.77 0 0.79
10.1334 -2.0333 4.05 6.2 0 0 0 0 2 0.86 0.77 0 0.74
11.7334 -0.4333 5.65 6.2 0 0 0 0 2 0.842 0.77 0 0.79
9.81667 -2.35 3.7333 6 0 1 0 0 2 0.86 0.78 0 0.7
10.1167 -2.05 4.0333 6.2 0 0 0 0 2 0.86 0.77 0 0.74
9.79997 -2.3667 3.7166 6 0 1 0 0 2 0.86 0.78 0 0.7
9.79997 -2.3667 3.7166 6 0 1 0 0 2 0.86 0.78 0 0.7
9.63337 -2.5333 3.55 6.2 0 0 0 0 2 0.86 0.77 0 0.74
9.66667 -2.5 3.5833 6 0 1 0 0 2 0.86 0.78 0 0.7
9.79997 -2.3667 3.7166 6 0 1 0 0 2 0.86 0.78 0 0.7
8.23337 -3.9333 2.15 6.2 1 0 0 0 2 0.86 0.788 0 0.79
8.51667 -3.65 2.4333 6.2 1 0 0 0 2 0.86 0.788 0 0.79
9.59997 -2.5667 3.5166 6.2 0 0 0 0 2 0.86 0.77 0 0.74
23.8667 11.7 17.7833 6.2 0 0 0 0 2 0.824 0.77 0 0.84
16.85 4.65 10.75 6.2 0 0 0 0 0 0.842 0.77 0 0.79
11.65 -0.5167 5.5667 6.2 0 0 0 0 1 0.842 0.77 0 0.79
11.8666 -0.3334 5.7666 6.2 0 0 0 0 0 0.842 0.752 0 0.74
5.3833 -6.7834 -0.7 6.2 0 0 0 0 1 0.842 0.734 0 0.7
5.4667 -6.7 -0.6166 6.2 0 0 0 0 1 0.842 0.734 0 0.7
5.3333 -6.8334 -0.75 6.2 0 0 0 0 1 0.842 0.734 0 0.7
5.3833 -6.7834 -0.7 6.2 0 0 0 0 1 0.842 0.734 0 0.7
5.1333 -7.0334 -0.95 6.2 0 0 0 0 1 0.842 0.734 0 0.7
5.35 -6.8167 -0.7333 6.2 0 0 0 0 1 0.842 0.734 0 0.7
10.7 -1.4834 4.6 6.2 0 0 0 0 1 0.86 0.752 0 0.7
10.8 -1.3834 4.7 6.2 0 0 0 0 1 0.86 0.752 0 0.7
10.6834 -1.5 4.5834 6.2 0 0 0 0 1 0.86 0.752 0 0.7
7.73337 -4.45 1.6334 6.2 0 0 0 0 1 0.878 0.752 0 0.66
9.55003 -2.65 3.45 5.6 0 0 0 0 1 0.878 0.752 0 0.66
9.48333 -2.7167 3.3833 5.6 0 0 0 0 1 0.878 0.752 0 0.66
11.75 -0.4333 5.65 6.2 0 0 0 0 0 0.842 0.77 0 0.79
11.15 -1.05 5.05 6.2 0 0 0 0 1 0.878 0.752 0 0.66
11.1333 -1.0667 5.0333 6.2 0 0 0 0 1 0.878 0.752 0 0.66
11.1167 -1.0833 5.0167 6.2 0 0 0 0 1 0.878 0.752 0 0.66
11.2833 -0.9167 5.1833 6.2 0 0 0 0 1 0.86 0.77 0 0.74
11.2667 -0.9333 5.1667 6.2 0 0 0 0 1 0.86 0.77 0 0.74
11.0667 -1.1333 4.9667 6.2 0 0 0 0 1 0.878 0.752 0 0.66
11.2667 -0.9333 5.1667 6.2 0 0 0 0 1 0.86 0.77 0 0.74
11.1333 -1.0667 5.0333 6.2 0 0 0 0 1 0.878 0.752 0 0.66
11.15 -1.05 5.05 6.2 0 0 0 0 1 0.878 0.752 0 0.66
11.1333 -1.0667 5.0333 6.2 0 0 0 0 1 0.878 0.752 0 0.66
11.1167 -1.0833 5.0167 6.2 0 0 0 0 1 0.878 0.752 0 0.66
11.25 -0.95 5.15 6.2 0 0 0 0 1 0.86 0.77 0 0.74
11.2667 -0.9333 5.1667 6.2 0 0 0 0 1 0.86 0.77 0 0.74
11.3 -0.9 5.2 6.2 0 0 0 0 1 0.86 0.77 0 0.74
12.3667 0.1667 6.2667 6.2 0 0 0 0 1 0.842 0.788 0 0.84
11.1833 -1.0167 5.0833 6.2 0 0 0 0 1 0.878 0.752 0 0.66
11.1833 -1.0167 5.0833 6.2 0 0 0 0 1 0.878 0.752 0 0.66
11.15 -1.05 5.05 6.2 0 0 0 0 1 0.878 0.752 0 0.66
11.25 -0.95 5.15 6.2 0 0 0 0 1 0.86 0.77 0 0.74
11.0833 -1.1167 4.9833 6.2 0 0 0 0 1 0.878 0.752 0 0.66
11.1167 -1.0833 5.0167 6.2 0 0 0 0 1 0.878 0.752 0 0.66
11.0667 -1.1333 4.9667 6.2 0 0 0 0 1 0.878 0.752 0 0.66
11.1 -1.1 5 6.2 0 0 0 0 1 0.878 0.752 0 0.66
11.1667 -1.0333 5.0667 6.2 0 0 0 0 1 0.878 0.752 0 0.66
11.1333 -1.0667 5.0333 6.2 0 0 0 0 1 0.878 0.752 0 0.66
11.2333 -0.9667 5.1333 6.2 0 0 0 0 1 0.86 0.77 0 0.74
12.4167 0.2167 6.3167 6.2 0 0 0 0 1 0.842 0.788 0 0.84
12.4167 0.2167 6.3167 6.2 0 0 0 0 1 0.842 0.788 0 0.84
5.0333 -7.1667 -1.0667 6.2 0 0 0 0 1 0.878 0.77 0 0.7
12.1166 -0.0834 6.0166 6.2 0 0 0 0 0 0.842 0.752 0 0.74
12.0333 -0.1667 5.9333 6.2 0 0 0 0 0 0.842 0.752 0 0.74
12.0333 -0.1667 5.9333 6.2 0 0 0 0 0 0.842 0.752 0 0.74
12.0333 -0.1667 5.9333 6.2 0 0 0 0 0 0.842 0.752 0 0.74
12.05 -0.15 5.95 6.2 0 0 0 0 0 0.842 0.752 0 0.74
11.8333 -0.3667 5.7333 6.2 0 0 0 0 0 0.842 0.752 0 0.74
11.8666 -0.3334 5.7666 6.2 0 0 0 0 0 0.842 0.752 0 0.74
12.4333 0.2333 6.3333 10 0 1 0 0 0 0.82 0.75 0 0.75
9.18333 -3.0167 3.0833 6.2 0 0 0 2 0 0.878 0.77 0 0.7
9.30003 -2.9 3.2 6.2 0 0 0 0 0 0.842 0.77 0 0.79
4.53333 -7.5333 -1.5 6.2 0 0 0 0 4 0.824 0.752 0 0.79
14.8166 2.6333 8.7333 6.2 0 0 0 0 0 0.842 0.752 0 0.74
0.36667 -11.8333 -5.73333 6.2 0 0 0 0 0 0.824 0.788 0 0.89
0.25 -11.95 -5.85 6.2 0 0 0 0 0 0.824 0.788 0 0.89
10.0834 -2.0833 4 6.2 0 0 1 0 1 0.824 0.788 0 0.89
11.2 -0.8667 5.1666 6.2 0 0 0 0 4 0.824 0.734 0 0.74
0.51667 -11.65 -5.56663 2.8 0 1 0 0 2 0.788 0.77 0 0.94
0.25 -11.9167 -5.8333 2.8 0 1 0 0 2 0.788 0.77 0 0.94
0.33333 -11.8334 -5.74997 2.8 0 1 0 0 2 0.788 0.77 0 0.94
0.16667 -12 -5.91663 2.8 0 1 0 0 2 0.788 0.77 0 0.94
11.9834 -0.1333 5.9167 6.2 0 0 0 0 2 0.824 0.788 0 0.89
11.6 -0.5167 5.5333 6.2 0 0 0 0 2 0.824 0.788 0 0.89
11.4834 -0.6333 5.4167 6.2 0 0 0 0 2 0.824 0.788 0 0.89
11.9667 -0.15 5.9 6.2 0 0 0 0 2 0.824 0.788 0 0.89
11.4167 -0.7 5.35 6.2 0 0 0 0 2 0.824 0.788 0 0.89
11.4667 -0.65 5.4 6.2 0 0 0 0 2 0.824 0.788 0 0.89
11.4167 -0.7 5.35 6.2 0 0 0 0 2 0.824 0.788 0 0.89
11.4167 -0.7 5.35 6.2 0 0 0 0 2 0.824 0.788 0 0.89
11.4167 -0.7 5.35 6.2 0 0 0 0 2 0.824 0.788 0 0.89
11.3834 -0.7333 5.3167 6.2 0 0 0 0 2 0.824 0.788 0 0.89
11.3834 -0.7333 5.3167 6.2 0 0 0 0 2 0.824 0.788 0 0.89
11.3834 -0.7333 5.3167 6.2 0 0 0 0 2 0.824 0.788 0 0.89
11.4 -0.7167 5.3333 6.2 0 0 0 0 2 0.824 0.788 0 0.89
11.3667 -0.75 5.3 6.2 0 0 0 0 2 0.824 0.788 0 0.89
11.3667 -0.75 5.3 6.2 0 0 0 0 2 0.824 0.788 0 0.89
11.3834 -0.7333 5.3167 6.2 0 0 0 0 2 0.824 0.788 0 0.89
11.3834 -0.7333 5.3167 6.2 0 0 0 0 2 0.824 0.788 0 0.89
11.2334 -0.8833 5.1667 6.2 0 0 0 0 2 0.824 0.788 0 0.89
11.2167 -0.9 5.15 6.2 0 0 0 0 2 0.824 0.788 0 0.89
11.2167 -0.9 5.15 6.2 0 0 0 0 2 0.824 0.788 0 0.89
10.9 -1.2167 4.8333 6.2 0 0 0 0 2 0.824 0.77 0 0.84
2.4 -9.71667 -3.66667 6.2 0 0 0 0 2 0.824 0.77 0 0.84
2.36667 -9.75 -3.7 6.2 0 0 0 0 2 0.824 0.77 0 0.84
2.38334 -9.73333 -3.68333 6.2 0 0 0 0 2 0.824 0.77 0 0.84
2.3 -9.81667 -3.76667 6.2 0 0 0 0 2 0.824 0.77 0 0.84
2.33334 -9.78333 -3.73333 6.2 0 0 0 0 2 0.824 0.77 0 0.84
2.33334 -9.78333 -3.73333 6.2 0 0 0 0 2 0.824 0.77 0 0.84
2.31667 -9.8 -3.75 6.2 0 0 0 0 2 0.824 0.77 0 0.84
2.21667 -9.9 -3.85 6.2 0 0 0 0 2 0.824 0.77 0 0.84
11.2834 -0.85 5.2167 1.9 0 0 2 1 3 0.806 0.788 0 0.94
11.2834 -0.85 5.2167 1.9 0 0 2 1 3 0.806 0.788 0 0.94
11.2834 -0.85 5.2167 1.9 0 0 2 1 3 0.806 0.788 0 0.94
11.2667 -0.8667 5.2 1.9 0 0 2 1 3 0.806 0.788 0 0.94
11.2834 -0.85 5.2167 1.9 0 0 2 1 3 0.806 0.788 0 0.94
11.25 -0.8834 5.1833 1.9 0 0 2 1 3 0.806 0.788 0 0.94
11.2167 -0.9167 5.15 1.9 0 0 2 1 3 0.806 0.788 0 0.94
11.2334 -0.9 5.1667 1.9 0 0 2 1 3 0.806 0.788 0 0.94
11.2334 -0.9 5.1667 1.9 0 0 2 1 3 0.806 0.788 0 0.94
11.2334 -0.9 5.1667 1.9 0 0 2 1 3 0.806 0.788 0 0.94
11.0167 -1.1167 4.95 6.2 0 0 0 1 3 0.806 0.77 0 0.89
11.05 -1.0834 4.9833 6.2 0 0 0 1 3 0.806 0.77 0 0.89
11 -1.1334 4.9333 6.2 0 0 0 1 3 0.806 0.77 0 0.89
10.8333 -1.2834 4.7666 6.2 0 0 0 0 3 0.896 0.716 0 0.55
12.0333 -0.0833 5.9833 6.2 0 0 2 1 3 0.77 0.752 0 0.94
4.40003 -7.65 -1.6333 6.2 0 0 0 0 6 0.77 0.734 0 0.89
14.8 2.6833 8.7333 9 0 0 0 0 3 0.78 0.77 1 0.96
10.8 -1.3 4.75 6.2 0 0 0 0 3 0.77 0.734 0 0.89
9.16663 -2.9334 3.1166 2 0 0 0 2 3 0.76 0.76 0 1
10.4166 -1.65 4.3833 6.2 1 0 0 0 6 0.824 0.77 0 0.84
15.3 3.1166 9.2166 6.2 0 0 0 0 0 0.842 0.788 0 0.84
4.7333 -7.3667 -1.3167 6.2 0 0 0 0 3 0.86 0.752 0 0.7
11.6 -0.4834 5.55 6.2 0 0 0 0 3 0.806 0.752 0 0.84
11.4834 -0.6 5.4334 6.2 0 0 0 0 3 0.806 0.77 0 0.89
11.4334 -0.65 5.3834 6.2 0 0 0 0 3 0.806 0.77 0 0.89
11.6 -0.4834 5.55 6.2 0 0 0 0 3 0.806 0.752 0 0.84
4.3667 -7.7166 -1.6833 6.2 0 0 0 0 4 0.86 0.752 0 0.7
2.05 -9.99997 -3.98337 6.2 0 0 0 0 6 0.806 0.752 0 0.84
2.05 -9.99997 -3.98337 6.2 0 0 0 0 6 0.806 0.752 0 0.84
1.98334 -10.0666 -4.05003 6.2 0 0 0 0 6 0.806 0.752 0 0.84
-6.28334 -18.35 -12.3167 5.0 0 0 0 0 5 0.752 0.716 0 0.89
1 -11.1834 -5.08337 6.2 0 0 0 0 1 0.824 0.77 0 0.84
0.66667 -11.5167 -5.4167 7 0 1 0 0 1 0.82 0.77 0 0.8
-0.03333 -12.2167 -6.1167 6.2 0 0 0 0 1 0.806 0.77 0 0.89
22.3666 10.1666 16.2666 6.2 0 0 0 0 1 0.788 0.77 0 0.94
21.3 9.1 15.2 6.2 0 0 0 0 1 0.788 0.77 0 0.94
-6.46667 -18.5334 -12.5 6.2 0 0 0 0 5 0.752 0.716 0 0.89
5.4667 -6.5833 -0.55 6.2 0 0 0 0 6 0.86 0.752 0 0.7
5.6 -6.45 -0.4167 6.2 0 0 0 0 6 0.86 0.752 0 0.7
5.5333 -6.5167 -0.4834 6.2 0 0 0 0 6 0.86 0.752 0 0.7
5.5667 -6.4833 -0.45 6.2 0 0 0 0 6 0.86 0.752 0 0.7
15.3334 3.15 9.25 6.2 0 0 0 0 0 0.842 0.788 0 0.84
9.76667 -2.2833 3.7333 3 0 0 1 2 5 0.83 0.77 0 0.78
9.76667 -2.2833 3.7333 3 0 0 1 2 5 0.83 0.77 0 0.78
9.78337 -2.2666 3.75 3 0 0 1 2 5 0.83 0.77 0 0.78
9.71667 -2.3333 3.6833 3 0 0 1 2 5 0.83 0.77 0 0.78
9.63337 -2.4166 3.6 3 0 0 1 2 5 0.83 0.77 0 0.78
9.66667 -2.3833 3.6333 3 0 0 1 2 5 0.83 0.77 0 0.78
9.71667 -2.3333 3.6833 3 0 0 1 2 5 0.83 0.77 0 0.78
7.00003 -5.05 0.9834 6.2 1 0 0 0 5 0.842 0.752 0 0.74
1.36667 -10.6833 -4.6667 2.8 0 1 0 0 6 0.788 0.77 0 0.94
8.8167 -3.2333 2.7834 6.2 1 0 0 0 5 0.86 0.752 0 0.7
9.3667 -2.7 3.3334 6.2 0 0 1 0 5 0.824 0.77 0 0.84
10.6333 -1.4334 4.6 6.2 0 0 0 0 5 0.824 0.788 0 0.89
9.0667 -3 3.0334 6.2 0 0 1 0 5 0.824 0.77 0 0.84
9.8 -2.2667 3.7667 6.2 0 0 0 0 5 0.842 0.77 0 0.79
9.25 -2.8167 3.2167 6.2 0 0 1 0 5 0.824 0.77 0 0.84
9.05 -3.0167 3.0167 6.2 0 0 1 0 5 0.824 0.77 0 0.84
10.6667 -1.4 4.6334 6.2 0 0 0 0 5 0.824 0.788 0 0.89
0.23334 -11.8333 -5.80003 6.2 0 0 0 0 6 0.77 0.734 0 0.89
3.79997 -8.2667 -2.2334 6.2 0 0 0 0 5 0.824 0.752 0 0.79
9.60003 -2.4666 3.5667 3.1 0 1 0 0 5 0.878 0.77 0 0.7
3.64997 -8.4334 -2.3834 2.2 0 1 0 0 4 0.842 0.77 0 0.79
3.64997 -8.4334 -2.3834 2.2 0 1 0 0 4 0.842 0.77 0 0.79
3.61667 -8.4667 -2.4167 2.2 0 1 0 0 4 0.842 0.77 0 0.79
3.34997 -8.7334 -2.6834 1.9 0 1 0 0 4 0.824 0.788 0 0.89
3.58337 -8.5 -2.45 2.2 0 1 0 0 4 0.842 0.77 0 0.79
3.39997 -8.6834 -2.6334 1.9 0 1 0 0 4 0.824 0.788 0 0.89
3.2 -8.88337 -2.83337 1.9 0 1 0 0 4 0.824 0.788 0 0.89
3.15 -8.93337 -2.88337 1.9 0 1 0 0 4 0.824 0.788 0 0.89
3.2 -8.88337 -2.83337 1.9 0 1 0 0 4 0.824 0.788 0 0.89
3.26667 -8.8167 -2.7667 1.9 0 1 0 0 4 0.824 0.788 0 0.89
3.2 -8.88337 -2.83337 1.9 0 1 0 0 4 0.824 0.788 0 0.89
3.16667 -8.9167 -2.8667 1.9 0 1 0 0 4 0.824 0.788 0 0.89
3.16667 -8.9167 -2.8667 1.9 0 1 0 0 4 0.824 0.788 0 0.89
3.06667 -9.0167 -2.9667 1.9 0 1 0 0 4 0.824 0.788 0 0.89
3.01667 -9.0667 -3.0167 1.9 0 1 0 0 4 0.824 0.788 0 0.89
3 -9.08337 -3.03337 1.9 0 1 0 0 4 0.824 0.788 0 0.89
3 -9.08337 -3.03337 1.9 0 1 0 0 4 0.824 0.788 0 0.89
3.01667 -9.0667 -3.0167 1.9 0 1 0 0 4 0.824 0.788 0 0.89
3.08334 -9.00003 -2.95003 1.9 0 1 0 0 4 0.824 0.788 0 0.89
3.01667 -9.0667 -3.0167 1.9 0 1 0 0 4 0.824 0.788 0 0.89
12.3167 0.2167 6.2667 6.2 0 0 0 0 3 0.806 0.752 0 0.84
14.9166 2.8166 8.8666 6.2 0 0 0 0 4 0.86 0.752 0 0.7
14.1 2.0166 8.0666 2.5 0 1 0 0 4 0.806 0.77 0 0.89
12.7 0.6 6.65 6.2 0 0 0 0 3 0.842 0.752 0 0.74
13.6834 1.5 7.6 6.2 0 0 0 0 1 0.842 0.77 0 0.79
13.6834 1.5 7.6 6.2 0 0 0 0 1 0.842 0.77 0 0.79
13.6834 1.5 7.6 6.2 0 0 0 0 1 0.842 0.77 0 0.79
13.6834 1.5 7.6 6.2 0 0 0 0 1 0.842 0.77 0 0.79
27.7 15.5834 21.65 6.2 1 0 0 0 3 0.788 0.77 0 0.94
16.0167 3.9 9.9667 9 0 1 0 0 3 0.84 0.77 0 0.74
16.1167 4 10.0667 6.2 0 0 0 0 3 0.842 0.77 0 0.79
16 3.8833 9.95 9 0 1 0 0 3 0.84 0.77 0 0.74
15.8 3.6833 9.75 9 0 1 0 0 3 0.84 0.77 0 0.74
15.9667 3.85 9.9167 9 0 1 0 0 3 0.84 0.77 0 0.74
10.9333 -1.2334 4.85 6.2 0 0 0 0 2 0.86 0.77 0 0.74
10.85 -1.3167 4.7667 6.2 0 0 0 0 2 0.86 0.77 0 0.74
10.9167 -1.25 4.8334 6.2 0 0 0 0 2 0.86 0.77 0 0.74
10.7833 -1.3834 4.7 6.2 0 0 0 0 2 0.86 0.77 0 0.74
12.0333 -0.1167 5.95 6.2 0 0 0 0 2 0.842 0.77 0 0.79
3.89997 -8.25 -2.1834 10 0 1 0 0 2 0.85 0.79 0 0.77
11.75 -0.4 5.6667 6.2 0 0 0 0 2 0.842 0.77 0 0.79
3.7167 -8.4333 -2.3666 12 0 0 0 0 2 0.83 0.77 0 0.76
13.2167 1.0334 7.1334 6.2 0 0 0 0 1 0.842 0.77 0 0.79
13.1833 1 7.1 6.2 0 0 0 0 1 0.842 0.77 0 0.79
13.1667 0.9834 7.0834 6.2 0 0 0 0 1 0.842 0.77 0 0.79
9.9833 -2.1834 3.9 6.2 0 0 0 0 2 0.86 0.77 0 0.74
11.5167 -0.6666 5.4334 6.2 0 0 0 0 1 0.842 0.77 0 0.79
11.55 -0.6333 5.4667 6.2 0 0 0 0 1 0.842 0.77 0 0.79
11.4333 -0.7334 5.35 6.2 0 0 0 0 1 0.806 0.752 0 0.84
-5.31666 -17.4833 -11.4 6.2 1 0 0 0 1 0.806 0.752 0 0.84
4.40003 -7.6666 -1.6333 6.2 0 0 0 0 5 0.878 0.77 0 0.7
12.0667 -0.1333 5.9667 6.2 0 0 0 0 0 0.824 0.788 0 0.89
11.45 -0.75 5.35 6.2 0 0 0 0 0 0.824 0.77 0 0.84
-5.13333 -17.3 -11.2166 11 0 1 0 0 1 0.83 0.77 0 0.78
-5.05 -17.2167 -11.1333 11 0 1 0 0 1 0.83 0.77 0 0.78
-3.5 -15.6667 -9.5833 6.2 0 0 0 0 1 0.824 0.752 0 0.79
13 0.8 6.9 6.2 0 0 0 0 0 0.86 0.77 0 0.74
1.56667 -10.6 -4.5167 6.2 0 0 2 0 1 0.788 0.77 0 0.94
1.63334 -10.5333 -4.45003 6.2 0 0 2 0 1 0.788 0.77 0 0.94
1.71667 -10.45 -4.3667 6.2 0 0 2 0 1 0.788 0.77 0 0.94
1.6 -10.5667 -4.48337 6.2 0 0 2 0 1 0.788 0.77 0 0.94
1.65 -10.5167 -4.43337 6.2 0 0 2 0 1 0.788 0.77 0 0.94
1.61667 -10.55 -4.4667 6.2 0 0 2 0 1 0.788 0.77 0 0.94
1.6 -10.5667 -4.48337 6.2 0 0 2 0 1 0.788 0.77 0 0.94
-5.2 -17.3667 -11.2834 6.2 1 0 0 0 1 0.806 0.752 0 0.84
-5.26666 -17.4333 -11.35 6.2 1 0 0 0 1 0.806 0.752 0 0.84
-5.25 -17.4167 -11.3334 6.2 1 0 0 0 1 0.806 0.752 0 0.84
10.45 -1.7 4.3833 6.2 0 0 0 0 2 0.824 0.788 0 0.89
10.4834 -1.6666 4.4167 6.2 0 0 0 0 2 0.824 0.788 0 0.89
12.8834 0.7334 6.8 7 0 0 2 1 2 0.77 0.77 0 0.99
12.8834 0.7334 6.8 7 0 0 2 1 2 0.77 0.77 0 0.99
12.9334 0.7834 6.85 7 0 0 2 1 2 0.77 0.77 0 0.99
12.6334 0.4834 6.55 6.2 0 0 2 0 2 0.77 0.752 0 0.94
14.7333 2.6833 8.7 6.2 0 0 0 0 6 0.806 0.752 0 0.84
-7.1 -19.1667 -13.1333 6.2 0 0 0 0 5 0.788 0.752 0 0.89
-7.08333 -19.15 -13.1166 6.2 0 0 0 0 5 0.788 0.752 0 0.89
13.1333 1.0833 7.1 9 0 1 0 0 5 0.81 0.74 0 0.72
20.4167 8.3667 14.3833 6.2 0 0 0 0 6 0.806 0.77 0 0.89
20.3334 8.2834 14.3 6.2 0 0 0 0 6 0.806 0.77 0 0.89
19.1666 7.1166 13.1333 4.3 0 0 1 0 6 0.77 0.752 0 0.94
19.2 7.15 13.1667 4.3 0 0 1 0 6 0.77 0.752 0 0.94
19.15 7.1 13.1167 4.3 0 0 1 0 6 0.77 0.752 0 0.94
19.15 7.1 13.1167 4.3 0 0 1 0 6 0.77 0.752 0 0.94
19.1333 7.0833 13.1 4.3 0 0 1 0 6 0.77 0.752 0 0.94
19.1333 7.0833 13.1 4.3 0 0 1 0 6 0.77 0.752 0 0.94
19.1 7.05 13.0667 4.3 0 0 1 0 6 0.77 0.752 0 0.94
-3.38333 -15.5 -9.43333 6.2 0 0 0 0 3 0.806 0.788 0 0.94
6.7833 -5.2667 0.7666 9 0 0 0 0 5 0.87 0.76 0 0.64
4.56663 -7.5834 -1.5 6.2 0 0 0 0 2 0.878 0.734 0 0.62
12.45 0.3833 6.4167 6.2 0 0 0 0 5 0.806 0.716 0 0.74
6.74997 -5.3167 0.7166 6.2 0 0 0 0 4 0.86 0.734 0 0.66
9.3167 -2.7333 3.3 6.2 0 0 0 0 5 0.878 0.752 0 0.66
9.3 -2.75 3.2833 6.2 0 0 0 0 5 0.878 0.752 0 0.66
-6.78334 -18.8334 -12.8 6.2 0 0 0 0 6 0.806 0.77 0 0.89
-6.83334 -18.8834 -12.85 6.2 0 0 0 0 6 0.806 0.77 0 0.89
-6.83334 -18.8834 -12.85 6.2 0 0 0 0 6 0.806 0.77 0 0.89
-6.86667 -18.9167 -12.8833 6.2 0 0 0 0 6 0.806 0.77 0 0.89
-4.85 -16.9 -10.8667 9 0 1 0 0 5 0.78 0.76 0 0.9
-4.76667 -16.8167 -10.7834 10 0 0 0 0 5 0.788 0.752 0 0.89
17.0333 4.9833 11.0167 6.2 0 0 0 0 6 0.788 0.752 0 0.89
-1.7 -13.75 -7.73337 3.1 0 0 0 0 6 0.77 0.77 0 1
-1.56666 -13.6166 -7.60003 3.1 0 0 0 0 6 0.77 0.77 0 1
1.25 -10.8166 -4.78333 6.2 0 0 0 0 5 0.788 0.752 0 0.89
8.03337 -4.0333 2 6.2 0 0 0 0 5 0.824 0.752 0 0.79
6.54997 -5.5167 0.5166 6.2 0 0 0 0 5 0.806 0.752 0 0.84
4.40003 -7.6666 -1.6333 6.2 0 0 0 0 5 0.878 0.77 0 0.7
4.18337 -7.8833 -1.85 5 0 1 0 0 4 0.89 0.78 0 0.62
4.16667 -7.9 -1.8667 5 0 1 0 0 4 0.89 0.78 0 0.62
4.13337 -7.9333 -1.9 5 0 1 0 0 4 0.89 0.78 0 0.62
4.09997 -7.9667 -1.9334 5 0 1 0 0 4 0.89 0.78 0 0.62
4.11667 -7.95 -1.9167 5 0 1 0 0 4 0.89 0.78 0 0.62
4.13337 -7.9333 -1.9 5 0 1 0 0 4 0.89 0.78 0 0.62
4.11667 -7.95 -1.9167 5 0 1 0 0 4 0.89 0.78 0 0.62
10.2333 -1.8333 4.2 6.2 0 0 0 0 4 0.842 0.77 0 0.79
10.2833 -1.7833 4.25 6.2 0 0 0 0 4 0.842 0.77 0 0.79
14.4833 2.3667 8.4167 5.0 0 0 0 0 3 0.77 0.752 0 0.94
14.3 2.1834 8.2334 5.0 0 0 0 0 3 0.77 0.752 0 0.94
5.83337 -6.25 -0.2 6.2 0 0 0 0 4 0.878 0.77 0 0.7
-0.7 -12.8 -6.75003 6.2 0 0 0 0 3 0.788 0.716 0 0.78
7.44997 -4.6334 1.4 6.2 0 0 0 0 4 0.896 0.77 0 0.66
7.46667 -4.6167 1.4167 6.2 0 0 0 0 4 0.914 0.752 0 0.59
17.4167 5.3334 11.3667 6.2 0 0 0 0 4 0.824 0.77 0 0.84
17.4333 5.35 11.3833 6.2 0 0 0 0 4 0.824 0.77 0 0.84
17.4167 5.3334 11.3667 6.2 0 0 0 0 4 0.824 0.77 0 0.84
17.5 5.4167 11.45 6.2 0 0 0 0 4 0.824 0.77 0 0.84
17.4167 5.3334 11.3667 6.2 0 0 0 0 4 0.824 0.77 0 0.84
17.45 5.3667 11.4 6.2 0 0 0 0 4 0.824 0.77 0 0.84
17.5 5.4167 11.45 6.2 0 0 0 0 4 0.824 0.77 0 0.84
17.4667 5.3834 11.4167 6.2 0 0 0 0 4 0.824 0.77 0 0.84
17.5167 5.4334 11.4667 6.2 0 0 0 0 4 0.824 0.77 0 0.84
17.4833 5.4 11.4333 6.2 0 0 0 0 4 0.824 0.77 0 0.84
17.5333 5.45 11.4833 6.2 0 0 0 0 4 0.824 0.77 0 0.84
12.8667 0.7667 6.8167 6.2 0 0 0 0 4 0.788 0.77 0 0.94
15.7167 3.6167 9.6667 6.2 0 0 0 0 4 0.806 0.788 0 0.94
15.5167 3.4167 9.4667 6.2 0 0 0 0 4 0.806 0.788 0 0.94
15.7167 3.6167 9.6667 6.2 0 0 0 0 4 0.806 0.788 0 0.94
15.7333 3.6333 9.6833 6.2 0 0 0 0 4 0.806 0.788 0 0.94
15.5 3.4 9.45 6.2 0 0 0 0 4 0.806 0.788 0 0.94
-0.7 -12.8 -6.75003 6.2 0 0 0 0 3 0.788 0.716 0 0.78
7.44997 -4.6334 1.4 6.2 0 0 0 0 4 0.896 0.77 0 0.66
7.46667 -4.6167 1.4167 6.2 0 0 0 0 4 0.914 0.752 0 0.59
17.4167 5.3334 11.3667 6.2 0 0 0 0 4 0.824 0.77 0 0.84
17.4333 5.35 11.3833 6.2 0 0 0 0 4 0.824 0.77 0 0.84
17.4167 5.3334 11.3667 6.2 0 0 0 0 4 0.824 0.77 0 0.84
17.5 5.4167 11.45 6.2 0 0 0 0 4 0.824 0.77 0 0.84
17.4167 5.3334 11.3667 6.2 0 0 0 0 4 0.824 0.77 0 0.84
17.45 5.3667 11.4 6.2 0 0 0 0 4 0.824 0.77 0 0.84
17.5 5.4167 11.45 6.2 0 0 0 0 4 0.824 0.77 0 0.84
17.4667 5.3834 11.4167 6.2 0 0 0 0 4 0.824 0.77 0 0.84
17.5167 5.4334 11.4667 6.2 0 0 0 0 4 0.824 0.77 0 0.84
17.4833 5.4 11.4333 6.2 0 0 0 0 4 0.824 0.77 0 0.84
17.5333 5.45 11.4833 6.2 0 0 0 0 4 0.824 0.77 0 0.84
12.8667 0.7667 6.8167 6.2 0 0 0 0 4 0.788 0.77 0 0.94
15.7167 3.6167 9.6667 6.2 0 0 0 0 4 0.806 0.788 0 0.94
15.5167 3.4167 9.4667 6.2 0 0 0 0 4 0.806 0.788 0 0.94
15.7167 3.6167 9.6667 6.2 0 0 0 0 4 0.806 0.788 0 0.94
15.7333 3.6333 9.6833 6.2 0 0 0 0 4 0.806 0.788 0 0.94
15.5 3.4 9.45 6.2 0 0 0 0 4 0.806 0.788 0 0.94
16.4334 4.2834 10.3667 6.2 0 0 0 0 2 0.824 0.77 0 0.84
-0.13333 -12.3 -6.2167 6.2 0 0 0 0 1 0.806 0.77 0 0.89
-0.16666 -12.3333 -6.25003 6.2 0 0 0 0 1 0.806 0.77 0 0.89
0.15 -12.0167 -5.93337 6.2 0 0 0 0 1 0.806 0.77 0 0.89
9.3833 -2.75 3.3166 6.2 0 0 0 0 3 0.896 0.734 0 0.59
-1.65 -13.7 -7.66663 5.0 0 0 0 0 5 0.77 0.752 0 0.94
1.5 -10.6333 -4.56663 4.3 0 0 0 0 2 0.842 0.788 0 0.84
12.95 0.8 6.8667 6.2 0 0 0 0 2 0.824 0.77 0 0.84
-6.2 -18.3667 -12.2834 6.2 0 0 0 0 2 0.824 0.752 0 0.79
12.75 0.55 6.65 6.2 0 0 0 0 1 0.824 0.788 0 0.89
0.55 -11.65 -5.55 6.2 0 0 0 0 0 0.842 0.788 0 0.84
0.66667 -11.5333 -5.43333 6.2 0 0 0 0 0 0.842 0.788 0 0.84
9.5167 -2.6666 3.4167 6.2 0 0 0 0 0 0.878 0.734 0 0.62
4.98337 -7.1833 -1.1 5.6 0 0 0 0 1 0.878 0.77 0 0.7
12.5167 0.35 6.4333 6.2 0 0 0 0 1 0.842 0.752 0 0.74
11.35 -0.8 5.2834 6.2 0 0 0 0 2 0.824 0.734 0 0.74
11.0333 -1.1167 4.9667 6.2 0 0 0 0 2 0.824 0.734 0 0.74
11.6833 -0.4333 5.6333 6.2 0 0 0 0 3 0.86 0.77 0 0.74
11.9 -0.2166 5.85 6.2 0 0 0 0 3 0.86 0.77 0 0.74
12.0666 -0.05 6.0166 6.2 0 0 0 0 3 0.86 0.77 0 0.74
4.10003 -8.0166 -1.95 5.0 0 0 0 0 3 0.878 0.752 0 0.66
4.40003 -7.7166 -1.65 5.6 0 0 0 2 3 0.878 0.77 0 0.7
4.06663 -8.05 -1.9834 5.0 0 0 0 0 3 0.878 0.752 0 0.66
1.2 -10.8834 -4.84997 6.2 0 0 0 0 3 0.788 0.77 0 0.94
11.2333 -0.8167 5.2166 6.2 0 0 0 0 5 0.842 0.752 0 0.74
3.68337 -8.3833 -2.35 10 0 1 0 0 4 0.84 0.71 0 0.56
12.6167 0.45 6.5333 6.2 0 0 0 0 1 0.86 0.788 0 0.79
12.1667 -0.0167 6.0833 6.2 0 0 0 0 1 0.842 0.77 0 0.79
13.0833 1.0333 7.05 6.2 0 0 0 0 5 0.806 0.734 0 0.79
13.5667 1.5167 7.5334 6.2 0 0 0 0 5 0.806 0.734 0 0.79
13.6 1.55 7.5667 6.2 0 0 0 0 5 0.806 0.734 0 0.79
12.5167 0.4667 6.4834 6.2 0 0 0 0 6 0.806 0.752 0 0.84
6.34997 -5.7 0.3166 5.6 0 0 2 0 5 0.77 0.734 0 0.89
6.41667 -5.6333 0.3833 5.6 0 0 2 0 5 0.77 0.734 0 0.89
10.35 -1.7166 4.3167 6.2 0 0 0 2 4 0.842 0.716 0 0.66
4.68333 -7.4 -1.3667 6.2 0 0 0 0 4 0.878 0.77 0 0.7
6.51663 -5.5667 0.4666 6.2 0 0 1 0 4 0.788 0.77 0 0.94
11.9666 -0.1167 5.9166 6.2 0 0 0 0 4 0.824 0.752 0 0.79
8.25 -3.8333 2.2167 5.0 1 0 3 0 4 0.824 0.788 0 0.89
-6.18334 -18.3 -12.25 6.2 0 0 0 0 3 0.788 0.752 0 0.89
-6.18334 -18.3 -12.25 6.2 0 0 0 0 3 0.788 0.752 0 0.89
-6.2 -18.3166 -12.2666 6.2 0 0 0 0 3 0.788 0.752 0 0.89
-6.21667 -18.3333 -12.2833 6.2 0 0 0 0 3 0.788 0.752 0 0.89
16.05 3.95 10 9 0 1 0 0 3 0.8 0.76 0 0.82
16.05 3.95 10 9 0 1 0 0 3 0.8 0.76 0 0.82
15.4 3.3 9.35 6.2 0 0 0 0 3 0.806 0.752 0 0.84
15.35 3.25 9.3 6.2 0 0 0 0 3 0.806 0.752 0 0.84
14.5834 2.4834 8.5334 6.2 0 0 0 0 3 0.806 0.752 0 0.84
14.5834 2.4834 8.5334 6.2 0 0 0 0 3 0.806 0.752 0 0.84
14.2334 2.1334 8.1834 6.2 0 0 0 0 3 0.806 0.752 0 0.84
14.15 2.05 8.1 6.2 0 0 0 0 3 0.806 0.752 0 0.84
14.1334 2.0334 8.0834 6.2 0 0 0 0 3 0.806 0.752 0 0.84
14.0834 1.9834 8.0334 6.2 0 0 0 0 3 0.806 0.752 0 0.84
14.05 1.95 8 6.2 0 0 0 0 3 0.806 0.752 0 0.84
6.86667 -5.2333 0.8167 7 0 0 1 0 3 0.83 0.76 0 0.73
6.89997 -5.2 0.85 7 0 0 1 0 3 0.83 0.76 0 0.73
8.1833 -3.9834 2.1 6.2 0 0 0 0 2 0.878 0.77 0 0.7
21.7666 9.5833 15.6833 6.2 0 0 0 0 1 0.824 0.752 0 0.79
21.7666 9.5833 15.6833 6.2 0 0 0 0 1 0.824 0.752 0 0.79
21.8166 9.6333 15.7333 6.2 0 0 0 0 1 0.824 0.752 0 0.79
21.7833 9.6 15.7 6.2 0 0 0 0 1 0.824 0.752 0 0.79
21.8 9.6167 15.7167 6.2 0 0 0 0 1 0.824 0.752 0 0.79
4.63333 -7.5167 -1.4333 6.2 0 0 0 0 2 0.878 0.788 0 0.75
4.65003 -7.5 -1.4166 6.2 0 0 0 0 2 0.878 0.788 0 0.75
4.66663 -7.4834 -1.4 6.2 0 0 0 0 2 0.878 0.788 0 0.75
12.6 0.45 6.5334 6.2 0 0 0 0 2 0.86 0.788 0 0.79
4.56663 -7.5834 -1.5 6.2 0 0 0 0 2 0.878 0.788 0 0.75
27.1667 15.0333 21.1 6.2 0 0 0 0 3 0.824 0.77 0 0.84
5.51663 -6.6 -0.55 6.2 1 0 0 0 3 0.878 0.752 0 0.66
5.03333 -7.0833 -1.0333 6.2 0 0 0 0 3 0.878 0.77 0 0.7
4.93333 -7.1833 -1.1333 6.2 0 0 0 0 3 0.878 0.77 0 0.7
5.23333 -6.8833 -0.8333 6.2 1 0 0 0 3 0.878 0.752 0 0.66
4.95003 -7.1666 -1.1166 6.2 0 0 0 0 3 0.878 0.77 0 0.7
4.93333 -7.1833 -1.1333 6.2 0 0 0 0 3 0.878 0.77 0 0.7
5.21663 -6.9 -0.85 6.2 1 0 0 0 3 0.878 0.752 0 0.66
0.88333 -11.2 -5.1667 3.1 0 1 0 0 4 0.752 0.734 0 0.94
11.3 -0.7833 5.25 6.2 0 0 0 0 4 0.824 0.734 0 0.74
15.55 3.4833 9.5166 7 0 1 0 0 4 0.78 0.74 0 0.85
15.5167 3.45 9.4833 7 0 1 0 0 4 0.78 0.74 0 0.85
-0.33334 -12.4 -6.36667 5.0 0 0 1 0 5 0.77 0.752 0 0.94
-0.35 -12.4166 -6.38333 5.0 0 0 1 0 5 0.77 0.752 0 0.94
11.3166 -0.75 5.2833 6.2 0 0 0 0 5 0.824 0.77 0 0.84
8.95003 -3.1 2.9167 6.2 0 0 0 0 6 0.878 0.698 0 0.55
8.93333 -3.1167 2.9 6.2 0 0 0 0 6 0.878 0.698 0 0.55
8.93333 -3.1167 2.9 6.2 0 0 0 0 6 0.878 0.698 0 0.55
12.8167 0.7667 6.7834 6.2 0 0 2 0 5 0.77 0.752 0 0.94
12.7833 0.7333 6.75 6.2 0 0 2 0 5 0.77 0.752 0 0.94
5.01663 -7.1 -1.0334 6.2 0 0 0 0 3 0.878 0.77 0 0.7
5.01663 -7.1 -1.0334 6.2 0 0 0 0 3 0.878 0.77 0 0.7
5.00003 -7.1166 -1.05 6.2 0 0 0 0 3 0.878 0.77 0 0.7
4.98333 -7.1333 -1.0667 6.2 0 0 0 0 3 0.878 0.77 0 0.7
3.95 -8.15 -2.1 6.2 0 0 1 0 3 0.77 0.752 0 0.94
3.95 -8.15 -2.1 6.2 0 0 1 0 3 0.77 0.752 0 0.94
3.9833 -8.1167 -2.0667 6.2 0 0 1 0 3 0.77 0.752 0 0.94
3.9333 -8.1667 -2.1167 6.2 0 0 1 0 3 0.77 0.752 0 0.94
3.9 -8.2 -2.15 6.2 0 0 1 0 3 0.77 0.752 0 0.94
3.9 -8.2 -2.15 6.2 0 0 1 0 3 0.77 0.752 0 0.94
5.91667 -6.15 -0.1167 6.2 1 0 0 0 5 0.878 0.788 0 0.75
5.83337 -6.2333 -0.2 6.2 0 0 0 0 5 0.878 0.77 0 0.7
5.83337 -6.2333 -0.2 6.2 0 0 0 0 5 0.878 0.77 0 0.7
5.81667 -6.25 -0.2167 6.2 0 0 0 0 5 0.878 0.77 0 0.7
5.84997 -6.2167 -0.1834 6.2 0 0 0 0 5 0.878 0.77 0 0.7
5.89997 -6.1667 -0.1334 6.2 0 0 0 0 5 0.878 0.77 0 0.7
5.83337 -6.2333 -0.2 6.2 0 0 0 0 5 0.878 0.77 0 0.7
5.79997 -6.2667 -0.2334 6.2 0 0 0 0 5 0.878 0.77 0 0.7
11.5333 -0.5333 5.5 3.7 0 0 0 0 5 0.86 0.77 0 0.74
-1.08333 -13.1333 -7.1 5.6 0 0 0 0 5 0.77 0.77 0 1
9.61667 -2.4833 3.5667 4.3 0 0 0 0 4 0.896 0.752 0 0.62
16.1167 3.9667 10.05 6.2 0 0 0 0 2 0.824 0.752 0 0.79
4.7833 -7.3834 -1.3 6.2 0 0 0 0 2 0.86 0.77 0 0.74
9.14997 -2.9334 3.1 3.7 0 0 2 0 4 0.788 0.752 0 0.89
15.8834 3.8167 9.85 10 0 0 0 0 5 0.77 0.734 0 0.89
